slurmstepd: info: Setting TMPDIR to /scratch/13075251. Previous errors about TMPDIR can be discarded
dwi_sin
[
    {
        'regressor': [DecisionTreeRegressor()],
        'regressor__max_depth': [None, 5, 10, 20, 30],
        'regressor__min_samples_split': [2, 5, 10, 20],
        'regressor__min_samples_leaf': [1, 2, 4]
    }
]
[-0.64062563 -0.63751983 -0.63085821 -0.60702286 -0.62751681 -0.63044278
 -0.62468411 -0.60719769 -0.61505453 -0.61644472 -0.61133449 -0.59942807
 -0.49399195 -0.49309571 -0.49288538 -0.49312048 -0.49378166 -0.49387241
 -0.49459285 -0.4942939  -0.49330624 -0.49301472 -0.49303699 -0.49348841
 -0.58130761 -0.57617153 -0.57607312 -0.56968866 -0.57923018 -0.57764876
 -0.57144039 -0.56533172 -0.57669384 -0.57255015 -0.57350187 -0.5663519
 -0.63999963 -0.63804947 -0.62104265 -0.6057574  -0.63033797 -0.63193014
 -0.6222873  -0.60655336 -0.61307772 -0.61418441 -0.61127697 -0.60038467
 -0.63709951 -0.6322465  -0.62711007 -0.6090857  -0.63441967 -0.63786375
 -0.62188251 -0.60524041 -0.61516594 -0.61748587 -0.60730915 -0.59786385]
[0.0465749  0.04687405 0.04819411 0.0573595  0.05230324 0.04863465
 0.04637076 0.05120567 0.04612532 0.04967323 0.0505571  0.05365709
 0.06312319 0.06273972 0.06230862 0.06335844 0.06361681 0.0634955
 0.0611431  0.06105692 0.06279516 0.06180719 0.06272334 0.0626793
 0.05893233 0.05705204 0.06031155 0.05944225 0.06232026 0.06502972
 0.06196811 0.06509919 0.06034921 0.0591605  0.05762392 0.06449934
 0.04616588 0.05178149 0.05528008 0.05523375 0.05012401 0.0445254
 0.04639133 0.05358297 0.04933695 0.05345519 0.04551806 0.05570321
 0.05302877 0.04242498 0.04760958 0.05431064 0.05041225 0.04686658
 0.0462293  0.05446723 0.05035143 0.04675953 0.0455719  0.05460691]
[60 56 51 31 48 50 46 32 39 41 36 26 10  4  1  5  8  9 12 11  6  2  3  7
 24 20 19 15 23 22 16 13 21 17 18 14 59 58 43 29 49 52 45 30 37 38 35 27
 55 53 47 34 54 57 44 28 40 42 33 25]
dwi_cos
[
    {
        'regressor': [DecisionTreeRegressor()],
        'regressor__max_depth': [None, 5, 10, 20, 30],
        'regressor__min_samples_split': [2, 5, 10, 20],
        'regressor__min_samples_leaf': [1, 2, 4]
    }
]
[-0.55443577 -0.54215573 -0.53902639 -0.5213272  -0.54121001 -0.54869816
 -0.53693243 -0.51965919 -0.53080345 -0.52760622 -0.52732331 -0.51603534
 -0.43304115 -0.4333849  -0.43312246 -0.43332189 -0.4330073  -0.43309264
 -0.43345837 -0.43290253 -0.43312208 -0.43312208 -0.43318576 -0.43351949
 -0.50152841 -0.50230578 -0.49731451 -0.49006068 -0.50478197 -0.49801407
 -0.49618111 -0.4877047  -0.49825295 -0.50120988 -0.49910063 -0.48951561
 -0.55242161 -0.54551604 -0.53782134 -0.5220136  -0.54543263 -0.54623883
 -0.53575725 -0.51934729 -0.53128722 -0.53027379 -0.52751226 -0.51420516
 -0.55428849 -0.5490285  -0.53807073 -0.51979481 -0.54451866 -0.54367947
 -0.53807356 -0.52025664 -0.52877077 -0.53216656 -0.52686692 -0.51693516]
[0.03021145 0.03206621 0.02472434 0.03269673 0.03490398 0.036609
 0.03168135 0.03540054 0.03361498 0.03483194 0.03323511 0.03368088
 0.03473126 0.03525553 0.03482894 0.03473343 0.03472506 0.03474126
 0.03527847 0.03446728 0.03523026 0.03523026 0.03522851 0.0353883
 0.03249704 0.04138752 0.03180747 0.02807041 0.03372655 0.03576459
 0.03679224 0.03489911 0.0345555  0.03300862 0.03270079 0.03226852
 0.02400294 0.03408341 0.03074725 0.02894336 0.03489692 0.03109368
 0.03212068 0.03117359 0.03329474 0.0329828  0.03323506 0.03338809
 0.03104511 0.02878341 0.03072331 0.02736779 0.03589451 0.03261167
 0.02923412 0.02721784 0.03773654 0.033425   0.03479526 0.03238279]
[60 50 48 32 49 56 44 29 40 37 35 26  3 10  7  9  2  4 11  1  5  5  8 12
 22 23 17 15 24 18 16 13 19 21 20 14 58 54 45 33 53 55 43 28 41 39 36 25
 59 57 46 30 52 51 47 31 38 42 34 27]
wind_max
[
    {
        'regressor': [DecisionTreeRegressor()],
        'regressor__max_depth': [None, 5, 10, 20, 30],
        'regressor__min_samples_split': [2, 5, 10, 20],
        'regressor__min_samples_leaf': [1, 2, 4]
    }
]
[-3.31369609 -3.24271143 -3.22723388 -3.1093106  -3.17060946 -3.24543905
 -3.19759249 -3.10274632 -3.09404577 -3.17682597 -3.13103264 -3.04784973
 -2.68673761 -2.64811945 -2.64855324 -2.66284359 -2.6878356  -2.6746871
 -2.68432256 -2.67624439 -2.67620825 -2.66985137 -2.67881885 -2.6581578
 -3.01321608 -2.96821571 -2.97629949 -2.93213067 -2.92554602 -2.93659701
 -2.98028969 -2.87323271 -2.92879019 -2.89914067 -2.94928788 -2.89419853
 -3.28629822 -3.18837496 -3.16120721 -3.12432655 -3.2389468  -3.23410085
 -3.13078557 -3.06549294 -3.1126799  -3.15381988 -3.10702101 -3.02854974
 -3.34475532 -3.21830337 -3.1934885  -3.09310401 -3.24964569 -3.25450237
 -3.22797276 -3.10343746 -3.15433314 -3.08009358 -3.15611534 -3.00620909]
[0.43452199 0.38404536 0.37119251 0.3893864  0.32665471 0.3800837
 0.37986786 0.42856511 0.34103999 0.38295324 0.36644876 0.40253104
 0.46321717 0.40360218 0.41065021 0.43560159 0.45773856 0.46192092
 0.47665385 0.43115243 0.37742842 0.39858514 0.3937541  0.40678624
 0.50050078 0.44915997 0.47492964 0.50164272 0.44297205 0.38990917
 0.47194873 0.42241829 0.45833504 0.37565303 0.4289967  0.4678354
 0.3920713  0.3650292  0.43423283 0.43216093 0.4016243  0.42776193
 0.37578713 0.4052369  0.32842227 0.42589039 0.37479631 0.40969383
 0.4622387  0.39510669 0.37473119 0.37671155 0.39707783 0.40978252
 0.41936225 0.37717838 0.37455004 0.34957503 0.38241953 0.32906721]
[59 54 50 35 44 55 48 32 31 45 39 27 11  1  2  4 12  6 10  8  7  5  9  3
 25 21 22 18 16 19 23 13 17 15 20 14 58 46 43 37 53 52 38 28 36 40 34 26
 60 49 47 30 56 57 51 33 41 29 42 24]
wind_med
[
    {
        'regressor': [DecisionTreeRegressor()],
        'regressor__max_depth': [None, 5, 10, 20, 30],
        'regressor__min_samples_split': [2, 5, 10, 20],
        'regressor__min_samples_leaf': [1, 2, 4]
    }
]
[-2.85226129 -2.81245954 -2.78140495 -2.67761627 -2.79052022 -2.79579878
 -2.73074798 -2.64907486 -2.67538628 -2.67868696 -2.66440966 -2.60933195
 -2.17586653 -2.17775442 -2.17196923 -2.16766907 -2.17809108 -2.17312346
 -2.17529224 -2.169426   -2.23472422 -2.2373232  -2.23714648 -2.23755152
 -2.58173379 -2.54104373 -2.53137551 -2.47458028 -2.53025677 -2.53601445
 -2.50825913 -2.49071893 -2.48506629 -2.4843553  -2.46596363 -2.44466215
 -2.82996182 -2.80017162 -2.73226637 -2.66367573 -2.75579158 -2.74106416
 -2.70626912 -2.65217849 -2.67109485 -2.67045617 -2.65961515 -2.60323705
 -2.85652262 -2.85614567 -2.7679053  -2.66275455 -2.75313026 -2.76984677
 -2.7173155  -2.64436479 -2.67802862 -2.6709525  -2.67224862 -2.60975317]
[0.3581036  0.33405818 0.34693608 0.3564481  0.37544924 0.38124116
 0.39999597 0.39099196 0.34234825 0.35383284 0.34714543 0.35150091
 0.46566461 0.46540738 0.46445911 0.46519527 0.46781505 0.46906336
 0.46677966 0.46779593 0.40282608 0.40175425 0.40210257 0.40198631
 0.43336782 0.41021333 0.42895779 0.4256938  0.43464484 0.40614274
 0.4281774  0.43559936 0.42827277 0.44771255 0.42487455 0.41657613
 0.34440403 0.34898482 0.36931522 0.36394453 0.33881357 0.36036837
 0.37518614 0.39180424 0.34208845 0.35683348 0.35512642 0.35296687
 0.34734888 0.38110199 0.34467475 0.37123023 0.36430301 0.34933215
 0.34985803 0.39997109 0.36201754 0.35446013 0.3458843  0.35063437]
[58 56 52 40 53 54 45 29 39 42 34 26  6  7  3  1  8  4  5  2  9 11 10 12
 24 23 21 15 20 22 19 18 17 16 14 13 57 55 46 33 49 47 43 30 37 35 31 25
 60 59 50 32 48 51 44 28 41 36 38 27]
shww_max
[
    {
        'regressor': [DecisionTreeRegressor()],
        'regressor__max_depth': [None, 5, 10, 20, 30],
        'regressor__min_samples_split': [2, 5, 10, 20],
        'regressor__min_samples_leaf': [1, 2, 4]
    }
]
[-1.28988434 -1.26085343 -1.2358569  -1.28407057 -1.20055948 -1.22610303
 -1.19475401 -1.2124146  -1.20774126 -1.21357278 -1.19471475 -1.14714438
 -1.05237742 -1.03823114 -1.03898846 -1.05946016 -1.03397239 -1.03467811
 -1.05270735 -1.04686029 -1.06599909 -1.07288447 -1.06290909 -1.05369897
 -1.16524365 -1.17991592 -1.17079128 -1.20049623 -1.16862795 -1.14008146
 -1.12018618 -1.10805481 -1.16919137 -1.15078384 -1.15030379 -1.09866292
 -1.23324715 -1.28295526 -1.2341863  -1.21048459 -1.20898678 -1.18648778
 -1.20844144 -1.18390208 -1.21861347 -1.18785002 -1.20474079 -1.12828553
 -1.27341843 -1.26514026 -1.25773028 -1.22334478 -1.20213274 -1.20921132
 -1.21773558 -1.18592791 -1.21581307 -1.21533398 -1.19617493 -1.15519137]
[0.4704464  0.45437462 0.43892333 0.47978391 0.4309533  0.48461947
 0.48396387 0.50241547 0.46518968 0.47128471 0.46649761 0.4608589
 0.52385021 0.51116915 0.50423253 0.51807612 0.48977641 0.49600697
 0.51168497 0.4944377  0.5221318  0.53891543 0.50518691 0.50822829
 0.47542841 0.47722807 0.47804016 0.50666756 0.49654339 0.45687311
 0.46863306 0.46693153 0.52226784 0.52436249 0.50975939 0.46768668
 0.46104498 0.46916329 0.49015439 0.45913072 0.46157593 0.45479518
 0.48361924 0.48324963 0.49609653 0.47105454 0.48512446 0.44110317
 0.45943135 0.46607378 0.45294686 0.43459267 0.48693265 0.4747472
 0.49827676 0.47143855 0.4795145  0.47884068 0.46294822 0.47333622]
[60 55 53 59 35 50 32 43 38 44 31 18  6  3  4  9  1  2  7  5 11 12 10  8
 22 26 25 34 23 17 15 14 24 20 19 13 51 58 52 42 40 29 39 27 48 30 37 16
 57 56 54 49 36 41 47 28 46 45 33 21]
shww_med
[
    {
        'regressor': [DecisionTreeRegressor()],
        'regressor__max_depth': [None, 5, 10, 20, 30],
        'regressor__min_samples_split': [2, 5, 10, 20],
        'regressor__min_samples_leaf': [1, 2, 4]
    }
]
[-0.96152603 -0.97394183 -0.92990614 -0.91604797 -0.93671139 -0.92412057
 -0.94491901 -0.91504597 -0.90826764 -0.91600908 -0.9142672  -0.9011966
 -0.77466425 -0.75953769 -0.76565542 -0.76011734 -0.74681597 -0.77547766
 -0.77268995 -0.76432558 -0.78921763 -0.78103962 -0.780481   -0.78590095
 -0.88557424 -0.89113874 -0.89553175 -0.88642689 -0.89273626 -0.88431606
 -0.86110477 -0.85799566 -0.873595   -0.87270073 -0.86853966 -0.88094523
 -0.94480968 -0.91998529 -0.93047056 -0.93413545 -0.92069105 -0.94276305
 -0.92155507 -0.90268664 -0.90683463 -0.92625986 -0.90465732 -0.90642022
 -0.94009316 -0.96101711 -0.94122314 -0.92306457 -0.93040322 -0.937121
 -0.9360365  -0.91458278 -0.91075903 -0.91058348 -0.92327082 -0.89612797]
[0.43471537 0.43863631 0.41057524 0.4194569  0.39658064 0.40115939
 0.41706893 0.41625274 0.41763484 0.44764938 0.42725479 0.42188873
 0.43605688 0.41009547 0.42125217 0.39186493 0.3932991  0.42684884
 0.42496636 0.41630729 0.46535393 0.46509997 0.46303507 0.45734974
 0.42923491 0.4403162  0.42877522 0.42111421 0.42188387 0.41946917
 0.38282859 0.39503738 0.42328075 0.4168735  0.41974853 0.4477137
 0.41120125 0.40541404 0.39578889 0.43884444 0.3967746  0.38996835
 0.38042094 0.3908692  0.41477141 0.44287401 0.42545495 0.43780755
 0.39437886 0.4280852  0.40916245 0.41459417 0.39306773 0.41488154
 0.40107122 0.41835118 0.43154063 0.41486864 0.44007011 0.41791582]
[59 60 46 38 51 44 57 36 31 37 34 26  7  2  5  3  1  8  6  4 12 10  9 11
 20 22 24 21 23 19 14 13 17 16 15 18 56 39 48 49 40 55 41 27 30 45 28 29
 53 58 54 42 47 52 50 35 33 32 43 25]
mdts_sin
[
    {
        'regressor': [DecisionTreeRegressor()],
        'regressor__max_depth': [None, 5, 10, 20, 30],
        'regressor__min_samples_split': [2, 5, 10, 20],
        'regressor__min_samples_leaf': [1, 2, 4]
    }
]
[-0.12562746 -0.11745035 -0.12137561 -0.11774746 -0.12280284 -0.1194234
 -0.12038196 -0.11632144 -0.11099117 -0.10915559 -0.10874742 -0.10643572
 -0.09540866 -0.09744244 -0.09667886 -0.0947728  -0.10080518 -0.10128788
 -0.10094371 -0.09998341 -0.09402423 -0.09503645 -0.09493038 -0.09358326
 -0.11703925 -0.11442971 -0.11298291 -0.11074994 -0.1127417  -0.11372808
 -0.11150285 -0.10903859 -0.1027291  -0.10240656 -0.10388581 -0.10181423
 -0.11278069 -0.1195982  -0.11785867 -0.11382343 -0.11923405 -0.12089098
 -0.11809803 -0.11381496 -0.10752428 -0.10756798 -0.10814179 -0.10617568
 -0.12633143 -0.12339841 -0.12188632 -0.11826873 -0.12210525 -0.12004874
 -0.12067106 -0.1160774  -0.10849018 -0.10841901 -0.10871647 -0.10668514]
[0.06062239 0.05212963 0.05418181 0.05076328 0.05663585 0.05217205
 0.05288557 0.05308298 0.04478721 0.044375   0.04476666 0.04449212
 0.04924729 0.05362227 0.05265961 0.05234591 0.05162131 0.05218257
 0.05198723 0.05164747 0.04740865 0.04753564 0.04711137 0.0466359
 0.06601963 0.06084154 0.05813372 0.05666559 0.05972999 0.06068199
 0.05731001 0.05553079 0.04827826 0.04618038 0.0479368  0.04600536
 0.05064532 0.05781891 0.05310336 0.05284054 0.05812811 0.0571254
 0.0540916  0.05378    0.04443817 0.04389421 0.04485867 0.0441863
 0.05732048 0.0510353  0.05098994 0.05135866 0.05668475 0.05692756
 0.05443328 0.05207012 0.04526919 0.04637635 0.04300585 0.04465483]
[59 42 54 43 57 48 51 40 30 28 26 18  6  8  7  3 10 12 11  9  2  5  4  1
 41 38 34 29 32 35 31 27 15 14 16 13 33 49 44 37 47 53 45 36 20 21 22 17
 60 58 55 46 56 50 52 39 24 23 25 19]
mdts_cos
[
    {
        'regressor': [DecisionTreeRegressor()],
        'regressor__max_depth': [None, 5, 10, 20, 30],
        'regressor__min_samples_split': [2, 5, 10, 20],
        'regressor__min_samples_leaf': [1, 2, 4]
    }
]
[-0.14789594 -0.14453708 -0.14032644 -0.14195406 -0.14026122 -0.14013483
 -0.13976338 -0.13713518 -0.13255898 -0.13305741 -0.13342489 -0.13127862
 -0.10819329 -0.10858419 -0.10790781 -0.10785231 -0.10982117 -0.10856625
 -0.11030914 -0.10818119 -0.10685445 -0.11006215 -0.10558094 -0.10650948
 -0.13826438 -0.13725551 -0.13407603 -0.12985067 -0.13031886 -0.12797082
 -0.12900448 -0.13045035 -0.12926538 -0.13071022 -0.12215531 -0.1270656
 -0.14009226 -0.14179569 -0.14177395 -0.13805048 -0.14053415 -0.13826318
 -0.14005252 -0.13653053 -0.13385278 -0.13562166 -0.13213371 -0.13043403
 -0.14620652 -0.14653167 -0.13743106 -0.1401511  -0.1380475  -0.1426704
 -0.14144012 -0.13719434 -0.13557528 -0.13659459 -0.1376049  -0.13021084]
[0.06482478 0.05569639 0.05654358 0.05926438 0.06142372 0.06045332
 0.0657799  0.06194917 0.05219121 0.05283993 0.05385909 0.05622594
 0.05196398 0.05113229 0.05183351 0.05130977 0.05163261 0.051341
 0.05214754 0.0510462  0.04756873 0.04821174 0.04787992 0.04783156
 0.07294677 0.07248879 0.06759893 0.06535652 0.06049466 0.06181243
 0.06016667 0.06653827 0.06097806 0.06406537 0.05060348 0.06036665
 0.05761494 0.05852565 0.06542918 0.06343835 0.06377538 0.05882671
 0.06559478 0.06250557 0.05837625 0.05138899 0.0569228  0.05554023
 0.06705627 0.06193254 0.05160209 0.05782943 0.05687284 0.06416987
 0.06522912 0.06367561 0.05722692 0.05665181 0.06332781 0.05682794]
[60 57 50 55 49 47 44 35 26 27 28 24  7  9  5  4 10  8 12  6  3 11  1  2
 43 37 30 18 20 15 16 22 17 23 13 14 46 54 53 41 51 42 45 33 29 32 25 21
 58 59 38 48 40 56 52 36 31 34 39 19]
shts_max
[
    {
        'regressor': [DecisionTreeRegressor()],
        'regressor__max_depth': [None, 5, 10, 20, 30],
        'regressor__min_samples_split': [2, 5, 10, 20],
        'regressor__min_samples_leaf': [1, 2, 4]
    }
]
[-0.75064504 -0.74007437 -0.73424756 -0.70402853 -0.72198802 -0.73177939
 -0.71310926 -0.69554031 -0.70848521 -0.71270504 -0.69997872 -0.69616003
 -0.58778632 -0.57901367 -0.57690507 -0.58132346 -0.58044577 -0.58336372
 -0.59196184 -0.57954241 -0.57769933 -0.57874256 -0.57835741 -0.57782198
 -0.68953125 -0.67498529 -0.67586906 -0.65925466 -0.66847477 -0.68472487
 -0.6765958  -0.66421968 -0.6682755  -0.67401948 -0.67627492 -0.66191531
 -0.7326537  -0.73451916 -0.7152462  -0.71346303 -0.72250281 -0.72445452
 -0.70896565 -0.69136328 -0.70379794 -0.70597991 -0.71115294 -0.6889251
 -0.73765072 -0.74049697 -0.73660761 -0.71886735 -0.72731264 -0.72644573
 -0.72430343 -0.69547594 -0.70937446 -0.71154284 -0.70878642 -0.69011436]
[0.20021861 0.21475076 0.21244419 0.19357168 0.20238333 0.20633368
 0.20220119 0.18969991 0.19659234 0.20177085 0.19848157 0.19292017
 0.19521614 0.19051113 0.18840581 0.19228437 0.19256655 0.19466161
 0.20293981 0.18989491 0.18844904 0.19041143 0.18856254 0.18958923
 0.23059896 0.20737882 0.22380287 0.20562226 0.21134212 0.21469586
 0.2091462  0.1939955  0.19916908 0.20847261 0.21320261 0.19958642
 0.20575576 0.21078905 0.19844613 0.19268423 0.18827806 0.20202061
 0.19623271 0.19335746 0.19887419 0.20033628 0.2053498  0.19605289
 0.19962055 0.21592693 0.20396041 0.19618805 0.19656984 0.20733215
 0.20774631 0.19080035 0.20397983 0.20030937 0.20862999 0.19328515]
[60 58 54 33 46 52 42 29 35 41 31 30 11  6  1  9  8 10 12  7  2  5  4  3
 25 19 20 13 17 23 22 15 16 18 21 14 53 55 44 43 47 49 37 27 32 34 39 24
 57 59 56 45 51 50 48 28 38 40 36 26]
shts_med
[
    {
        'regressor': [DecisionTreeRegressor()],
        'regressor__max_depth': [None, 5, 10, 20, 30],
        'regressor__min_samples_split': [2, 5, 10, 20],
        'regressor__min_samples_leaf': [1, 2, 4]
    }
]
[-0.66533207 -0.67100289 -0.65808967 -0.65095928 -0.64520484 -0.65859484
 -0.64348253 -0.61773406 -0.63035214 -0.63733914 -0.63565513 -0.61757827
 -0.54010438 -0.55488013 -0.54772665 -0.53897439 -0.53602577 -0.53501697
 -0.53738519 -0.54030671 -0.5264792  -0.5276749  -0.52580237 -0.52873083
 -0.63136074 -0.61547399 -0.61030437 -0.63316893 -0.61525099 -0.60841108
 -0.59744585 -0.60860533 -0.59606485 -0.60396662 -0.60265135 -0.59084177
 -0.67385975 -0.66773763 -0.67533661 -0.63946205 -0.645497   -0.65912122
 -0.65612236 -0.62925438 -0.63975765 -0.63478378 -0.63758463 -0.61773504
 -0.66314711 -0.66888959 -0.66630248 -0.65071613 -0.65418902 -0.64805387
 -0.63523881 -0.62928812 -0.63916759 -0.63590931 -0.63166895 -0.61868265]
[0.15233809 0.16599719 0.16956534 0.16561195 0.16412495 0.15301546
 0.15891241 0.14834483 0.15418047 0.15718844 0.15145601 0.14845621
 0.16542751 0.17704219 0.16147928 0.17180994 0.1551887  0.15512294
 0.15746641 0.16281948 0.1521442  0.15042853 0.15030075 0.15121022
 0.17775307 0.17053024 0.16838081 0.18685316 0.16552744 0.1610406
 0.15780743 0.16895523 0.1514491  0.1554482  0.16013375 0.14777016
 0.17584529 0.15947301 0.18692563 0.15793074 0.15728944 0.1615692
 0.16860382 0.14125225 0.15724378 0.15187368 0.15906254 0.14648581
 0.16341198 0.17723498 0.17995271 0.17073535 0.1616197  0.14748899
 0.14601984 0.15074515 0.15324839 0.15637312 0.15369267 0.15457334]
[54 58 50 47 43 51 42 24 29 37 35 23  9 12 11  8  6  5  7 10  2  3  1  4
 30 22 20 32 21 18 15 19 14 17 16 13 59 56 60 40 44 52 49 27 41 33 38 25
 53 57 55 46 48 45 34 28 39 36 31 26]

*****************************************************************************
*                                                                           *
*                    JOB EFFICIENCY REPORT (seff 13075251)                   *
*                                                                           *
*****************************************************************************

Job ID: 13075251
Cluster: finisterrae3
User/Group: curso342/ulc
State: COMPLETED (exit code 0)
Nodes: 1
Cores per node: 32
CPU Utilized: 03:38:40
CPU Efficiency: 88.55% of 04:06:56 core-walltime
Job Wall-clock time: 00:07:43
Memory Utilized: 4.88 GB
Memory Efficiency: 30.48% of 16.00 GB

 +++++++++++++++++++++++++++++++++++++++++++++++++++++++++++++++++++++++++++
 ++   Memory Efficiency is too small. Please review the requested memory. ++
 ++ It seems that you do not need that much memory so we recommend        ++
 ++ requesting less memory in other similar jobs.                         ++
 +++++++++++++++++++++++++++++++++++++++++++++++++++++++++++++++++++++++++++
 
*****************************************************************************

