slurmstepd: info: Setting TMPDIR to /scratch/13107697. Previous errors about TMPDIR can be discarded
dwi_sin
[
    {
        'regressor__n_estimators': [100, 200, 300],
        'regressor__learning_rate': [0.05, 0.1],
        'regressor__max_depth': [None, 5],
        'regressor__min_samples_leaf': [10, 20],
        'regressor__subsample': [1.0, 0.8],
        'regressor__max_features': ['sqrt', 'log2']
    }
]
[-0.47705824 -0.47685183 -0.47791329 -0.47975343 -0.47937717 -0.48090338
 -0.47620507 -0.47654257 -0.47812306 -0.4788234  -0.47867148 -0.48027657
 -0.47592436 -0.47938393 -0.47571927 -0.48100738 -0.47796555 -0.48028276
 -0.47606474 -0.47509338 -0.47830127 -0.47922855 -0.47903    -0.48067646
 -0.46442486 -0.46438425 -0.4677306  -0.46882947 -0.4720129  -0.47046361
 -0.46524978 -0.46574913 -0.46711826 -0.46753279 -0.46844764 -0.47065493
 -0.46251744 -0.46409145 -0.46700714 -0.46823937 -0.46916574 -0.47012999
 -0.46458044 -0.46446509 -0.46559979 -0.46853803 -0.46885341 -0.47108819
 -0.48318835 -0.48892502 -0.48297208 -0.48753439 -0.48149113 -0.49089992
 -0.48329335 -0.48609681 -0.48403257 -0.48814589 -0.4838585  -0.49128006
 -0.47993781 -0.48629394 -0.47772223 -0.48972359 -0.48066682 -0.48764176
 -0.48066711 -0.48124397 -0.48258928 -0.4854818  -0.48030357 -0.49192163
 -0.4735742  -0.47392611 -0.47486325 -0.48146505 -0.4770382  -0.47853357
 -0.46863074 -0.47106877 -0.47452596 -0.47713077 -0.482315   -0.47910625
 -0.46991077 -0.47071406 -0.47709249 -0.47782729 -0.47649074 -0.48031395
 -0.46844344 -0.46908625 -0.47419868 -0.47574122 -0.47698135 -0.47969444]
[0.0616512  0.06144276 0.06089944 0.06182932 0.06036881 0.0623267
 0.06360055 0.06176619 0.06439708 0.06139512 0.0610726  0.06154447
 0.0616889  0.06370932 0.06208002 0.06417045 0.05985241 0.06151911
 0.06113393 0.06454467 0.06241897 0.062063   0.06204418 0.061697
 0.06319333 0.06590767 0.06590647 0.06773905 0.06482278 0.06712173
 0.06421061 0.06395423 0.06365013 0.06532109 0.06656775 0.06531504
 0.06299763 0.06511404 0.0655592  0.06694159 0.06612002 0.06740048
 0.06434493 0.06496302 0.06441796 0.06678257 0.06614094 0.06676415
 0.06323813 0.06320852 0.06222331 0.0567393  0.06049927 0.06130538
 0.05959018 0.06173714 0.06270938 0.06292843 0.06311952 0.06204415
 0.06363829 0.06149306 0.06135335 0.06623501 0.06214966 0.05687319
 0.06122821 0.05914491 0.0607769  0.06168525 0.06077802 0.05738449
 0.06685999 0.06622247 0.06517757 0.06801831 0.06751541 0.06472752
 0.06564672 0.06627237 0.06509288 0.06679295 0.06854067 0.06671863
 0.06683425 0.06799747 0.06603531 0.07067265 0.06497173 0.0665392
 0.06420447 0.06736809 0.06794872 0.06820867 0.06525643 0.06663224]
[47 44 52 65 62 74 41 43 54 58 57 67 39 63 37 75 53 68 40 36 55 61 59 73
  4  3 13 19 30 25  7  9 11 12 16 26  1  2 10 14 22 24  6  5  8 17 20 29
 82 92 81 89 78 94 83 87 85 91 84 95 66 88 50 93 71 90 72 76 80 86 69 96
 31 32 35 77 46 56 18 28 34 49 79 60 23 27 48 51 42 70 15 21 33 38 45 64]
dwi_cos
[
    {
        'regressor__n_estimators': [100, 200, 300],
        'regressor__learning_rate': [0.05, 0.1],
        'regressor__max_depth': [None, 5],
        'regressor__min_samples_leaf': [10, 20],
        'regressor__subsample': [1.0, 0.8],
        'regressor__max_features': ['sqrt', 'log2']
    }
]
[-0.41154938 -0.41072505 -0.41194041 -0.4155076  -0.41281699 -0.41605366
 -0.41172611 -0.41348071 -0.41379969 -0.4164355  -0.41587297 -0.4146202
 -0.41136689 -0.41332156 -0.41181958 -0.41529717 -0.41415391 -0.41608161
 -0.41214154 -0.41122212 -0.41432647 -0.41360524 -0.4132123  -0.41617282
 -0.40690525 -0.40479678 -0.40671659 -0.40809728 -0.40898565 -0.40891992
 -0.4057261  -0.40578456 -0.40791988 -0.40856151 -0.40910554 -0.41001329
 -0.40672365 -0.40645044 -0.40992904 -0.40839991 -0.40795443 -0.41020671
 -0.40625025 -0.40689324 -0.40923525 -0.40823455 -0.40832542 -0.41141823
 -0.41796415 -0.41812644 -0.41887634 -0.41949    -0.41532098 -0.42177533
 -0.41793385 -0.41866362 -0.41964951 -0.42130528 -0.41672881 -0.42144673
 -0.41971595 -0.42054067 -0.41716727 -0.42084892 -0.41606129 -0.42331156
 -0.41593222 -0.42097299 -0.41991861 -0.42291264 -0.41728137 -0.41745869
 -0.40990058 -0.41139313 -0.4116181  -0.41320954 -0.41732896 -0.41852054
 -0.41003485 -0.40996172 -0.41200697 -0.41502899 -0.41498922 -0.41643918
 -0.41041436 -0.41070075 -0.41648082 -0.41636848 -0.41691418 -0.41956469
 -0.40836263 -0.41081989 -0.41392809 -0.4123063  -0.41741323 -0.41658266]
[0.03708432 0.03774995 0.03679824 0.03531778 0.0384459  0.03637302
 0.03866646 0.03682867 0.03629377 0.03772489 0.03963804 0.03784258
 0.03828118 0.03817417 0.03509066 0.03612243 0.03645701 0.03412844
 0.03793012 0.03860733 0.03529045 0.03744573 0.03701852 0.03690359
 0.03758268 0.03704605 0.03694399 0.03783523 0.03891934 0.03894131
 0.03815998 0.03824023 0.03823421 0.03735728 0.03779521 0.03827917
 0.03788176 0.03918719 0.03755952 0.03920594 0.03737494 0.04001325
 0.03859099 0.03594296 0.03789996 0.03817556 0.03839793 0.03829791
 0.03638551 0.03718795 0.03547923 0.03553389 0.03757203 0.03566222
 0.03614666 0.03511634 0.03720275 0.03828465 0.03604201 0.0332158
 0.03525485 0.03698409 0.03615152 0.03692459 0.03696521 0.03514867
 0.03782215 0.03614406 0.03447311 0.03507479 0.03523021 0.03983584
 0.03830812 0.03961699 0.03899134 0.03669451 0.03630956 0.03692999
 0.03773354 0.04097359 0.03807235 0.0380932  0.03496703 0.03768713
 0.03624762 0.03866631 0.0375674  0.03721097 0.03660203 0.03635013
 0.03827005 0.04017768 0.03701694 0.03526132 0.03852033 0.03760165]
[36 30 40 59 44 62 38 48 50 67 60 54 33 47 39 57 52 64 42 32 53 49 46 65
  9  1  6 12 19 18  2  3 10 17 20 25  7  5 23 16 11 27  4  8 21 13 14 35
 79 80 83 84 58 94 78 82 86 92 71 93 87 89 73 90 63 96 61 91 88 95 74 77
 22 34 37 45 75 81 26 24 41 56 55 68 28 29 69 66 72 85 15 31 51 43 76 70]
wind_max
[
    {
        'regressor__n_estimators': [100, 200, 300],
        'regressor__learning_rate': [0.05, 0.1],
        'regressor__max_depth': [None, 5],
        'regressor__min_samples_leaf': [10, 20],
        'regressor__subsample': [1.0, 0.8],
        'regressor__max_features': ['sqrt', 'log2']
    }
]
[-2.37653202 -2.36553806 -2.37397378 -2.37318143 -2.38123663 -2.37404775
 -2.35280163 -2.34515328 -2.36491445 -2.35363352 -2.37358332 -2.36177441
 -2.35304471 -2.3701162  -2.36191349 -2.37853712 -2.37588219 -2.36902196
 -2.35569721 -2.32675895 -2.35725341 -2.35810979 -2.35013366 -2.35315017
 -2.30950307 -2.31663994 -2.32685133 -2.31221555 -2.32803556 -2.31630827
 -2.30173928 -2.30365609 -2.30812583 -2.30077493 -2.31403189 -2.2997424
 -2.3224747  -2.2941726  -2.30420982 -2.30935808 -2.31286233 -2.29702295
 -2.30616604 -2.31003674 -2.30422556 -2.29763965 -2.29345272 -2.30644641
 -2.39186454 -2.39834349 -2.3882069  -2.42643356 -2.37935695 -2.40864375
 -2.3743618  -2.3584189  -2.3734397  -2.4073275  -2.3956581  -2.4023521
 -2.38148517 -2.38108143 -2.37106523 -2.41510905 -2.3846602  -2.41083301
 -2.3888944  -2.37717394 -2.38527288 -2.38369156 -2.37751218 -2.39283726
 -2.31394652 -2.33246847 -2.34073835 -2.35842197 -2.36939066 -2.37368605
 -2.33192095 -2.31622307 -2.34109892 -2.32914262 -2.34109212 -2.34003792
 -2.32497632 -2.32435222 -2.34829866 -2.34573984 -2.34838467 -2.33173608
 -2.32415245 -2.29994435 -2.32386527 -2.3372002  -2.3214108  -2.34272101]
[0.35467865 0.32870311 0.35351165 0.34726746 0.33380891 0.33109672
 0.35763862 0.3703021  0.35329602 0.37213956 0.35459669 0.37429151
 0.34349458 0.3356118  0.3509712  0.35566946 0.34419718 0.3480874
 0.35446304 0.36791026 0.36461354 0.36110678 0.35509711 0.36362272
 0.36033062 0.36949288 0.35622409 0.37101764 0.35756579 0.37194012
 0.37293365 0.36423369 0.36442664 0.36707575 0.351102   0.3723967
 0.36960182 0.3756363  0.36588613 0.35655317 0.35490887 0.36149614
 0.3735489  0.38139778 0.36743268 0.36799666 0.37680871 0.37213243
 0.34678433 0.35977149 0.32867614 0.33368502 0.34684971 0.35576259
 0.3564334  0.37521287 0.3825312  0.35967133 0.35398507 0.37749381
 0.34631773 0.34840497 0.34968575 0.33982754 0.34631206 0.35131928
 0.3410031  0.35684675 0.34972146 0.35409633 0.34743372 0.35824861
 0.35984053 0.3499992  0.34109936 0.35350115 0.35875917 0.34682809
 0.37361669 0.38179205 0.35554701 0.35403498 0.37297655 0.37636669
 0.35596039 0.3556365  0.34222132 0.37112395 0.34835483 0.36001025
 0.36554026 0.37154893 0.36928171 0.3620168  0.35619451 0.37773324]
[74 61 70 66 80 71 49 44 60 52 68 58 50 64 59 77 73 62 53 31 54 55 48 51
 16 24 32 18 33 23  8  9 14  7 21  5 26  2 10 15 19  3 12 17 11  4  1 13
 87 90 85 96 78 93 72 56 67 92 89 91 81 79 65 95 83 94 86 75 84 82 76 88
 20 37 40 57 63 69 36 22 42 34 41 39 30 29 46 45 47 35 28  6 27 38 25 43]
wind_med
[
    {
        'regressor__n_estimators': [100, 200, 300],
        'regressor__learning_rate': [0.05, 0.1],
        'regressor__max_depth': [None, 5],
        'regressor__min_samples_leaf': [10, 20],
        'regressor__subsample': [1.0, 0.8],
        'regressor__max_features': ['sqrt', 'log2']
    }
]
[-2.06865297 -2.05031907 -2.08777141 -2.07354097 -2.0790607  -2.07149565
 -2.04699581 -2.04035425 -2.06428122 -2.04868647 -2.05214623 -2.05651215
 -2.03866237 -2.05964434 -2.04512074 -2.04835702 -2.05512687 -2.05452095
 -2.0407696  -2.03818233 -2.04106243 -2.05583033 -2.04797775 -2.05532793
 -2.01487019 -2.00827735 -2.00740565 -2.01669428 -2.02544829 -2.02830419
 -2.00799491 -2.00524482 -2.01917344 -2.01617231 -2.02492451 -2.01177046
 -2.00218708 -2.01640602 -2.01080496 -2.01302969 -2.02019975 -2.02041573
 -2.00569346 -1.99908657 -2.01610409 -2.00617176 -2.01326958 -2.01644201
 -2.08028759 -2.09135505 -2.07900244 -2.09274387 -2.08225505 -2.10475594
 -2.05816107 -2.07614255 -2.08388614 -2.10408829 -2.07701858 -2.09136675
 -2.06938284 -2.07829664 -2.08953008 -2.08211195 -2.07971485 -2.076086
 -2.08087111 -2.06831093 -2.06598211 -2.09264641 -2.07323347 -2.08720335
 -2.02454792 -2.02756529 -2.02783174 -2.06868563 -2.03909721 -2.04595875
 -2.01497504 -2.01583898 -2.05395191 -2.02892937 -2.03944295 -2.04773571
 -2.02837926 -2.041305   -2.02739687 -2.06008322 -2.05431159 -2.05271609
 -2.01402636 -2.01740981 -2.02935349 -2.03836521 -2.05192777 -2.05882601]
[0.38678411 0.38616484 0.37755873 0.38668366 0.37377775 0.37857697
 0.39575456 0.40916756 0.39892188 0.41017198 0.41047707 0.41406468
 0.39461952 0.40734172 0.38557431 0.40001067 0.38761727 0.40417161
 0.40538938 0.38916624 0.39609306 0.39977802 0.39411565 0.40806064
 0.39572465 0.40151547 0.40222353 0.39640696 0.403984   0.42085308
 0.40384652 0.40586009 0.40460835 0.41265449 0.41576105 0.40915998
 0.40600576 0.40914822 0.3939224  0.39974246 0.39231449 0.40033766
 0.40552388 0.41190941 0.40572325 0.4122468  0.41082699 0.40382358
 0.3769121  0.3932498  0.38448575 0.39979995 0.36911179 0.37698503
 0.38733117 0.40151645 0.39107995 0.40991012 0.40552527 0.41176674
 0.37927269 0.36719155 0.4022181  0.38919407 0.39407334 0.40256464
 0.41246432 0.40860211 0.40348133 0.40832201 0.41976118 0.42269181
 0.40780057 0.39731905 0.40583667 0.42022028 0.3838359  0.41468275
 0.40876857 0.41517283 0.39695832 0.40110226 0.40077146 0.40057619
 0.41754352 0.38445598 0.40374092 0.4053066  0.38583097 0.39998413
 0.40766381 0.40094559 0.40638519 0.41049509 0.39948928 0.41589322]
[70 52 89 75 81 73 47 41 67 51 54 62 38 65 45 50 59 58 42 36 43 61 49 60
 14  8  6 21 28 32  7  3 23 18 27 10  2 19  9 11 24 25  4  1 17  5 12 20
 83 91 80 94 86 96 63 77 87 95 78 92 72 79 90 85 82 76 84 69 68 93 74 88
 26 30 31 71 39 46 15 16 56 34 40 48 33 44 29 66 57 55 13 22 35 37 53 64]
shww_max
[
    {
        'regressor__n_estimators': [100, 200, 300],
        'regressor__learning_rate': [0.05, 0.1],
        'regressor__max_depth': [None, 5],
        'regressor__min_samples_leaf': [10, 20],
        'regressor__subsample': [1.0, 0.8],
        'regressor__max_features': ['sqrt', 'log2']
    }
]
[-0.92222581 -0.92878643 -0.93546851 -0.93478515 -0.9360669  -0.93672682
 -0.921625   -0.91436312 -0.92454365 -0.92880326 -0.93446881 -0.93070635
 -0.92684439 -0.9231578  -0.93104491 -0.9285681  -0.93498897 -0.93322423
 -0.91082299 -0.91392924 -0.92531877 -0.9211919  -0.93064259 -0.93054566
 -0.89758462 -0.90211144 -0.90376317 -0.90554345 -0.91390188 -0.9058918
 -0.90325027 -0.89398667 -0.90999949 -0.90419169 -0.91414921 -0.90986341
 -0.90179517 -0.90511917 -0.91153162 -0.91090754 -0.90861837 -0.91525822
 -0.90483278 -0.89609653 -0.91075724 -0.90016225 -0.91032096 -0.91018472
 -0.94014249 -0.94063718 -0.937584   -0.94051068 -0.94741077 -0.967282
 -0.93421259 -0.92073592 -0.94116933 -0.94303281 -0.94230566 -0.95402224
 -0.94127663 -0.94390937 -0.93783849 -0.93672346 -0.94025751 -0.93920718
 -0.9368101  -0.93285264 -0.94135811 -0.93300301 -0.94414161 -0.94535479
 -0.90468728 -0.91822    -0.91986778 -0.93000608 -0.94013626 -0.9180983
 -0.91649854 -0.91709847 -0.91717554 -0.92153068 -0.92770665 -0.93406223
 -0.91958856 -0.91845371 -0.9220094  -0.91875198 -0.93168293 -0.92634849
 -0.91462465 -0.91558525 -0.91660492 -0.92043344 -0.93438354 -0.92276072]
[0.39005188 0.39112407 0.3969312  0.39568736 0.39681263 0.39924186
 0.40146757 0.38818839 0.40171385 0.40502998 0.40514888 0.39819162
 0.3966074  0.39677771 0.40286249 0.39261862 0.39923954 0.40218295
 0.39625622 0.40011054 0.40812466 0.39895201 0.40276327 0.40751241
 0.3861525  0.39136197 0.3968583  0.39273839 0.3977705  0.39134863
 0.39659154 0.39145747 0.39428752 0.39540375 0.39777306 0.40198598
 0.39649078 0.39624171 0.39905905 0.40750854 0.39215444 0.40426376
 0.39993073 0.39372151 0.3983507  0.38952778 0.40620087 0.39950413
 0.39573058 0.40982396 0.40600298 0.40728349 0.4079588  0.41032772
 0.39451984 0.39937679 0.39908093 0.40914155 0.40744464 0.40708374
 0.40594339 0.39856555 0.40679629 0.40010418 0.40200941 0.40201365
 0.40576058 0.40649685 0.40183957 0.40116886 0.41146652 0.41138841
 0.38349268 0.40500806 0.40161529 0.40258009 0.40414984 0.39786442
 0.40482104 0.40538525 0.39002944 0.4076777  0.39892641 0.41274948
 0.39376927 0.40125155 0.39167527 0.39554235 0.4093855  0.39563251
 0.40683914 0.4039274  0.40173217 0.40551474 0.40438676 0.40346593]
[47 56 73 71 74 76 45 27 50 57 70 61 53 49 62 55 72 66 21 25 51 43 60 59
  3  6  8 13 24 14  7  1 17  9 26 16  5 12 23 22 15 29 11  2 20  4 19 18
 82 85 78 84 94 96 68 42 86 90 89 95 87 91 79 75 83 80 77 64 88 65 92 93
 10 36 40 58 81 35 31 33 34 44 54 67 39 37 46 38 63 52 28 30 32 41 69 48]
shww_med
[
    {
        'regressor__n_estimators': [100, 200, 300],
        'regressor__learning_rate': [0.05, 0.1],
        'regressor__max_depth': [None, 5],
        'regressor__min_samples_leaf': [10, 20],
        'regressor__subsample': [1.0, 0.8],
        'regressor__max_features': ['sqrt', 'log2']
    }
]
[-0.70671376 -0.70176794 -0.71215161 -0.71276368 -0.71061265 -0.71474343
 -0.69573779 -0.69077866 -0.70357655 -0.70097746 -0.71491926 -0.70653953
 -0.70268062 -0.7060741  -0.71359629 -0.7054398  -0.71306635 -0.71403636
 -0.6978939  -0.68775943 -0.69915519 -0.69670177 -0.71007709 -0.70816236
 -0.67847805 -0.68322035 -0.69322232 -0.69412688 -0.68994408 -0.69676671
 -0.68266536 -0.67398525 -0.69548102 -0.68321952 -0.69219706 -0.68557558
 -0.67872155 -0.68231487 -0.68777782 -0.68928208 -0.69626604 -0.6909462
 -0.6775868  -0.67956618 -0.69033109 -0.67931309 -0.6880038  -0.6882357
 -0.71420101 -0.70386856 -0.72230105 -0.71803147 -0.72083623 -0.72902368
 -0.70785883 -0.70888417 -0.71436513 -0.71611645 -0.71241263 -0.72365227
 -0.72038457 -0.71217137 -0.71656814 -0.72108088 -0.71416826 -0.72640741
 -0.71261798 -0.71348791 -0.71536148 -0.71675284 -0.71637294 -0.71489008
 -0.6941555  -0.70286234 -0.69722802 -0.69865052 -0.70299077 -0.70206384
 -0.69297013 -0.68564779 -0.6988566  -0.70556378 -0.70232343 -0.70060659
 -0.6996409  -0.69372418 -0.7061968  -0.70202719 -0.69905609 -0.7064248
 -0.69002887 -0.68191389 -0.70500498 -0.6975489  -0.70130219 -0.69863368]
[0.33353766 0.33294714 0.34324414 0.33704217 0.33534494 0.34099721
 0.32614139 0.32118075 0.33403989 0.32411349 0.33697024 0.33038973
 0.33352464 0.33020436 0.34463139 0.338485   0.34234883 0.34064351
 0.3286366  0.32042375 0.327223   0.33081843 0.33498696 0.3325585
 0.32339326 0.33029363 0.33605662 0.33555733 0.32558247 0.33998675
 0.32802636 0.32097643 0.33099485 0.32529779 0.33032853 0.32880243
 0.32395526 0.3286395  0.33111342 0.33571408 0.33644299 0.33435848
 0.32613127 0.32540525 0.3302227  0.32335523 0.33010834 0.33282349
 0.33884807 0.32523055 0.34670369 0.33161471 0.34632477 0.34792943
 0.32811113 0.33121586 0.33575778 0.32721908 0.33161982 0.34158658
 0.33833462 0.33234746 0.33934609 0.33907607 0.34117044 0.33841
 0.33390595 0.33447436 0.33799064 0.32935379 0.33949013 0.33090757
 0.33455912 0.34158262 0.32725333 0.3362348  0.33124825 0.33226866
 0.3379844  0.32526691 0.33319674 0.34053985 0.33346341 0.33241028
 0.33545904 0.33712584 0.3416013  0.33747028 0.32695604 0.33327997
 0.32785769 0.32461148 0.33751323 0.33419183 0.33015247 0.33460246]
[63 47 69 73 68 81 31 22 54 45 83 62 51 59 76 57 74 77 37 14 42 33 67 65
  3 11 26 28 19 34  9  1 30 10 24 12  4  8 15 18 32 23  2  6 21  5 16 17
 79 55 93 89 91 96 64 66 80 85 71 94 90 70 87 92 78 95 72 75 84 88 86 82
 29 52 35 39 53 49 25 13 40 58 50 44 43 27 60 48 41 61 20  7 56 36 46 38]
mdts_sin
[
    {
        'regressor__n_estimators': [100, 200, 300],
        'regressor__learning_rate': [0.05, 0.1],
        'regressor__max_depth': [None, 5],
        'regressor__min_samples_leaf': [10, 20],
        'regressor__subsample': [1.0, 0.8],
        'regressor__max_features': ['sqrt', 'log2']
    }
]
[-0.08640932 -0.08746471 -0.08706729 -0.08809646 -0.0865964  -0.08717535
 -0.08737694 -0.08736165 -0.08788749 -0.08787947 -0.08773099 -0.0886846
 -0.08633425 -0.08707631 -0.08685179 -0.08749563 -0.08794332 -0.08769154
 -0.08718491 -0.08718067 -0.08817346 -0.08835797 -0.08778078 -0.0884363
 -0.08478906 -0.0847905  -0.0860958  -0.08550856 -0.08683591 -0.08707373
 -0.08479453 -0.08511075 -0.08560722 -0.08548778 -0.08573827 -0.08636305
 -0.08465696 -0.08491142 -0.08530735 -0.085904   -0.08548381 -0.08549073
 -0.08439486 -0.08465471 -0.08551045 -0.08472925 -0.08524928 -0.08594811
 -0.08768765 -0.0886385  -0.0884274  -0.08833797 -0.08719743 -0.09023819
 -0.08829561 -0.08738784 -0.08921861 -0.08987936 -0.08944536 -0.08899041
 -0.08775695 -0.08873849 -0.08858583 -0.08727809 -0.08833074 -0.08841679
 -0.08788584 -0.08892057 -0.08853887 -0.08792787 -0.08856927 -0.08941079
 -0.08755614 -0.086936   -0.08699049 -0.08840451 -0.08748303 -0.08826942
 -0.08567937 -0.08582561 -0.08725886 -0.08786344 -0.08826804 -0.08914795
 -0.08632271 -0.08694852 -0.08705497 -0.08725306 -0.08805058 -0.08956127
 -0.08628801 -0.08553965 -0.08699058 -0.08816764 -0.08800258 -0.08807726]
[0.04471644 0.04464493 0.04471097 0.04457458 0.04472845 0.04512899
 0.04415308 0.04515623 0.04402874 0.04333042 0.04534742 0.04447191
 0.04556774 0.04402574 0.04547476 0.04497554 0.04536978 0.04564035
 0.04490077 0.04547565 0.04525137 0.0454542  0.04572171 0.04430616
 0.04703153 0.04676053 0.04799936 0.04684628 0.04799831 0.04591896
 0.04760644 0.04837556 0.04772146 0.04751836 0.04657955 0.04702858
 0.04725255 0.04770418 0.04736598 0.04875695 0.04752031 0.04671685
 0.04835709 0.04813268 0.04669131 0.04711707 0.04709237 0.04776444
 0.04438302 0.04518407 0.04520999 0.04497807 0.0450749  0.04427202
 0.04524026 0.0442931  0.04394353 0.04453097 0.04520771 0.04324265
 0.04461585 0.04526684 0.04536244 0.04518606 0.04540495 0.04491104
 0.04620768 0.04447368 0.04531037 0.04272224 0.04559565 0.04398161
 0.04889783 0.04635149 0.04640288 0.04692801 0.04717728 0.04602844
 0.04681639 0.04755122 0.04718162 0.04773577 0.0475408  0.04658041
 0.0475769  0.04726864 0.04874207 0.04576516 0.04726832 0.04650209
 0.04742176 0.04773107 0.04634532 0.04707464 0.04696617 0.04694262]
[29 51 38 69 30 41 49 48 63 61 57 86 27 40 32 53 65 56 43 42 71 77 59 81
  5  6 24 15 31 39  7  9 18 13 20 28  3  8 11 22 12 14  1  2 16  4 10 23
 55 85 80 76 44 96 74 50 91 95 93 89 58 87 84 47 75 79 62 88 82 64 83 92
 54 33 35 78 52 73 19 21 46 60 72 90 26 34 37 45 67 94 25 17 36 70 66 68]
mdts_cos
[
    {
        'regressor__n_estimators': [100, 200, 300],
        'regressor__learning_rate': [0.05, 0.1],
        'regressor__max_depth': [None, 5],
        'regressor__min_samples_leaf': [10, 20],
        'regressor__subsample': [1.0, 0.8],
        'regressor__max_features': ['sqrt', 'log2']
    }
]
[-0.10279726 -0.10201564 -0.10385325 -0.10279153 -0.10242404 -0.10414614
 -0.10215391 -0.10174258 -0.10305879 -0.10380976 -0.10447192 -0.10474989
 -0.10359838 -0.10204824 -0.10310639 -0.10358709 -0.102616   -0.10298671
 -0.10158074 -0.1007388  -0.10328822 -0.10278538 -0.1038257  -0.10273922
 -0.09937163 -0.09871458 -0.09859525 -0.10150893 -0.10122158 -0.10103185
 -0.09911235 -0.09822886 -0.10052998 -0.09915973 -0.10091711 -0.10023228
 -0.09868927 -0.0971625  -0.09856647 -0.09914841 -0.10076904 -0.1012617
 -0.09828974 -0.09737817 -0.09972836 -0.10004432 -0.09934985 -0.10019524
 -0.10700422 -0.10497017 -0.10254597 -0.10545614 -0.10350714 -0.10644124
 -0.10383083 -0.10448527 -0.10436879 -0.10441276 -0.1039531  -0.10660433
 -0.10252708 -0.10305091 -0.10491395 -0.10411837 -0.10339539 -0.10551291
 -0.10312762 -0.10530236 -0.10503168 -0.10575108 -0.10505498 -0.1054503
 -0.10080169 -0.10138057 -0.10294574 -0.10283632 -0.10188304 -0.10449213
 -0.10072752 -0.1016019  -0.1017572  -0.10064331 -0.10372864 -0.10416488
 -0.10083409 -0.1006765  -0.10263212 -0.1024188  -0.10376347 -0.10434172
 -0.09975966 -0.09967632 -0.10184138 -0.10137232 -0.10269519 -0.10334072]
[0.04399042 0.04385994 0.04502078 0.04425549 0.04368839 0.04363814
 0.04410406 0.04382834 0.0437139  0.04433262 0.04352616 0.04206689
 0.04568341 0.04464074 0.04424101 0.04564955 0.04431662 0.04391063
 0.04415636 0.04239837 0.04403311 0.04298408 0.04412028 0.0431548
 0.04647582 0.04582366 0.04451901 0.04714961 0.04565813 0.04592844
 0.04699945 0.04564236 0.04620785 0.04512318 0.04567894 0.04409908
 0.04629325 0.0444801  0.04427615 0.04494057 0.0455776  0.04547733
 0.04583073 0.04500241 0.04660607 0.04545972 0.04471668 0.04413574
 0.04658296 0.04395567 0.04304192 0.04298679 0.04434961 0.04443824
 0.04369425 0.0426407  0.04309923 0.04329875 0.04232705 0.04273456
 0.04295359 0.04230883 0.04556516 0.04361461 0.04467846 0.0454135
 0.04278171 0.04447891 0.04464286 0.04397094 0.04353289 0.04343013
 0.04552961 0.04698949 0.04587172 0.04592999 0.04399845 0.04587975
 0.0452808  0.04670429 0.04493363 0.04270581 0.04548318 0.04467725
 0.04612704 0.04601781 0.04611108 0.04529536 0.04531192 0.04555908
 0.04467983 0.04569587 0.04527832 0.04464414 0.04411636 0.04421354]
[54 41 73 53 45 76 43 37 59 70 81 84 67 42 60 66 48 57 35 24 62 52 71 51
 13  8  6 34 30 29  9  3 20 11 28 19  7  1  5 10 25 31  4  2 15 17 12 18
 96 86 47 91 65 94 72 82 79 80 74 95 46 58 85 75 64 92 61 89 87 93 88 90
 26 33 56 55 40 83 23 36 38 21 68 77 27 22 49 44 69 78 16 14 39 32 50 63]
shts_max
[
    {
        'regressor__n_estimators': [100, 200, 300],
        'regressor__learning_rate': [0.05, 0.1],
        'regressor__max_depth': [None, 5],
        'regressor__min_samples_leaf': [10, 20],
        'regressor__subsample': [1.0, 0.8],
        'regressor__max_features': ['sqrt', 'log2']
    }
]
[-0.55673686 -0.56027615 -0.55509045 -0.55537427 -0.55596144 -0.5635961
 -0.55450077 -0.55454848 -0.56168968 -0.55898148 -0.55956622 -0.55951874
 -0.55579062 -0.55628449 -0.55936555 -0.55987901 -0.55978518 -0.56554379
 -0.55419134 -0.55348223 -0.55918198 -0.55996911 -0.56150968 -0.56301518
 -0.54168017 -0.54127715 -0.54407228 -0.54964357 -0.54654275 -0.54901695
 -0.53808628 -0.53880731 -0.54122199 -0.54358014 -0.54643387 -0.54723075
 -0.54394882 -0.53978252 -0.54413994 -0.54963567 -0.54924765 -0.54695072
 -0.5377335  -0.5422445  -0.54358874 -0.54269985 -0.54369446 -0.54979748
 -0.56142053 -0.56217754 -0.56795498 -0.57292857 -0.5657444  -0.5691094
 -0.56523585 -0.56556957 -0.56827728 -0.56571688 -0.5664039  -0.57906348
 -0.56553877 -0.56642009 -0.56085024 -0.57005968 -0.56907299 -0.57831701
 -0.56134037 -0.56768381 -0.5705026  -0.56605802 -0.56590185 -0.57119053
 -0.54600444 -0.54870715 -0.55004624 -0.55499936 -0.55849897 -0.55770948
 -0.54000302 -0.54745536 -0.5553459  -0.55402183 -0.55487465 -0.55950978
 -0.55237727 -0.55498734 -0.55489406 -0.56294313 -0.56050095 -0.55859759
 -0.54594642 -0.5504406  -0.54905914 -0.55404919 -0.55862676 -0.55985942]
[0.14742893 0.15174451 0.15003322 0.15044155 0.1485416  0.14964529
 0.1522094  0.15041662 0.15338275 0.14902744 0.15401796 0.14960014
 0.15311852 0.14866574 0.15012428 0.15651972 0.15328082 0.15959876
 0.15131632 0.15131833 0.15322527 0.15317931 0.15478044 0.14770336
 0.15762181 0.15466611 0.15643538 0.1590081  0.15370755 0.15685731
 0.15407484 0.1548004  0.15356078 0.15722886 0.1528128  0.15543085
 0.15871738 0.15547343 0.1543937  0.16152426 0.15416227 0.15565775
 0.15352911 0.15472668 0.15493888 0.15610814 0.15264194 0.15949143
 0.15357903 0.1500001  0.15348697 0.1534563  0.15225257 0.14964274
 0.15088018 0.15571732 0.15244773 0.15205475 0.15236469 0.15786763
 0.15474928 0.15054726 0.15765558 0.15608628 0.15900525 0.15546535
 0.15376923 0.15452617 0.15890968 0.15444566 0.15517323 0.15784066
 0.15489725 0.1548954  0.15405612 0.15547987 0.1524528  0.15437169
 0.14873445 0.15867343 0.15689489 0.15429275 0.15078919 0.15455385
 0.1604991  0.1654314  0.1562295  0.16043613 0.15184165 0.15914012
 0.15843185 0.15616638 0.15135603 0.15885026 0.15197964 0.1542796 ]
[50 65 44 46 48 75 38 39 71 55 60 59 47 49 57 63 61 78 37 34 56 64 70 74
  8  7 15 29 20 25  2  3  6 11 19 22 14  4 16 28 27 21  1  9 12 10 13 30
 69 72 87 94 81 90 76 79 88 80 84 96 77 85 67 91 89 95 68 86 92 83 82 93
 18 24 31 43 52 51  5 23 45 35 40 58 33 42 41 73 66 53 17 32 26 36 54 62]
shts_med
[
    {
        'regressor__n_estimators': [100, 200, 300],
        'regressor__learning_rate': [0.05, 0.1],
        'regressor__max_depth': [None, 5],
        'regressor__min_samples_leaf': [10, 20],
        'regressor__subsample': [1.0, 0.8],
        'regressor__max_features': ['sqrt', 'log2']
    }
]
[-0.49240754 -0.49388735 -0.49619558 -0.4939914  -0.49358511 -0.49803983
 -0.49069493 -0.49291102 -0.49539303 -0.49457161 -0.49975151 -0.49857233
 -0.49354717 -0.49215488 -0.49369109 -0.49610188 -0.49865729 -0.50076053
 -0.49449528 -0.4939109  -0.49657761 -0.49263859 -0.49623092 -0.49728418
 -0.48254977 -0.48096693 -0.48280857 -0.4864114  -0.48426511 -0.48627508
 -0.48031283 -0.47828896 -0.48105962 -0.48283031 -0.48473194 -0.48619393
 -0.48056161 -0.48122848 -0.4860315  -0.48481857 -0.48895315 -0.48518455
 -0.48246281 -0.48173095 -0.48442041 -0.48337734 -0.48633057 -0.48773242
 -0.49813063 -0.4971319  -0.50302491 -0.5100525  -0.49740869 -0.50911589
 -0.49806809 -0.49677488 -0.50229329 -0.50476172 -0.4994042  -0.50691785
 -0.49974823 -0.5092267  -0.49972956 -0.50471504 -0.50549883 -0.50469513
 -0.49810773 -0.50506866 -0.50199859 -0.50806299 -0.50603477 -0.50593261
 -0.48859886 -0.48677585 -0.48899785 -0.500152   -0.49126071 -0.50113754
 -0.48718969 -0.48495127 -0.48612051 -0.49035909 -0.49299263 -0.49730226
 -0.48828122 -0.49082856 -0.4963589  -0.49280146 -0.4951078  -0.49586337
 -0.48575197 -0.48626735 -0.49418519 -0.49165538 -0.49439807 -0.4935816 ]
[0.11395308 0.11115893 0.11888121 0.11359826 0.11526511 0.1131037
 0.10984268 0.10877003 0.11119384 0.10845199 0.11554713 0.11398928
 0.11280734 0.11268362 0.11303328 0.11249683 0.11595475 0.11362164
 0.11076348 0.11114003 0.11230389 0.11324529 0.11062367 0.10924872
 0.11922897 0.11634687 0.11798049 0.12139144 0.11626351 0.11696224
 0.11622417 0.1180397  0.11558531 0.11755392 0.11663184 0.11580295
 0.12068862 0.11962491 0.11770521 0.11589092 0.12100867 0.11443352
 0.1192297  0.11563398 0.11906709 0.11611144 0.11536189 0.11755083
 0.11662347 0.11427706 0.12107751 0.11903215 0.11972902 0.11963347
 0.11276752 0.11321887 0.11628527 0.10948974 0.11454264 0.11742212
 0.11780586 0.11671443 0.11712921 0.12103028 0.12211049 0.11391104
 0.11483825 0.11397859 0.113401   0.11580957 0.1144809  0.1111052
 0.11954706 0.11980767 0.11277226 0.12470925 0.11157514 0.11988752
 0.12073245 0.12206017 0.1167243  0.11862774 0.11422078 0.1180227
 0.1232564  0.11391742 0.11864104 0.11706982 0.1126482  0.11727957
 0.11479696 0.1158726  0.11519836 0.11614517 0.11150019 0.11118027]
[40 49 60 51 47 69 35 43 57 55 78 73 45 39 48 59 74 80 54 50 63 41 61 66
  9  4 10 26 13 24  2  1  5 11 15 22  3  6 20 16 32 18  8  7 14 12 25 29
 72 65 84 96 68 94 70 64 83 87 75 92 77 95 76 86 89 85 71 88 82 93 91 90
 31 27 33 79 37 81 28 17 21 34 44 67 30 36 62 42 56 58 19 23 52 38 53 46]

*****************************************************************************
*                                                                           *
*                    JOB EFFICIENCY REPORT (seff 13107697)                   *
*                                                                           *
*****************************************************************************

Job ID: 13107697
Cluster: finisterrae3
User/Group: curso342/ulc
State: COMPLETED (exit code 0)
Nodes: 1
Cores per node: 16
CPU Utilized: 2-06:17:44
CPU Efficiency: 99.04% of 2-06:49:20 core-walltime
Job Wall-clock time: 03:25:35
Memory Utilized: 2.78 GB
Memory Efficiency: 8.69% of 32.00 GB

 +++++++++++++++++++++++++++++++++++++++++++++++++++++++++++++++++++++++++++
 ++   Memory Efficiency is too small. Please review the requested memory. ++
 ++ It seems that you do not need that much memory so we recommend        ++
 ++ requesting less memory in other similar jobs.                         ++
 +++++++++++++++++++++++++++++++++++++++++++++++++++++++++++++++++++++++++++
 
*****************************************************************************

