slurmstepd: info: Setting TMPDIR to /scratch/13176803. Previous errors about TMPDIR can be discarded
dwi_sin
[{'regressor__max_iter': [500, 600], 'regressor__learning_rate': [0.05, 0.1], 'regressor__max_depth': [None, 5], 'regressor__min_samples_leaf': [20, 50], 'regressor__l2_regularization': [0.0, 0.5]}]
[-0.47657314 -0.47919085 -0.47743997 -0.47997049 -0.47559109 -0.47294993
 -0.47671484 -0.47443032 -0.4832088  -0.48219376 -0.4837924  -0.48299034
 -0.48127055 -0.48015718 -0.48217675 -0.48111273 -0.47788557 -0.4789002
 -0.47880387 -0.48001438 -0.47416454 -0.47341652 -0.47556891 -0.47478537
 -0.48013053 -0.48615892 -0.48062723 -0.48670753 -0.47964122 -0.48197068
 -0.48062932 -0.48326134]
[0.06422569 0.06493559 0.06434191 0.06458379 0.0652488  0.06444444
 0.0655183  0.06456771 0.06760566 0.063689   0.0675569  0.06345325
 0.06711983 0.06398217 0.06674047 0.06356894 0.06336842 0.06361559
 0.06362148 0.06354679 0.06491293 0.06389817 0.06485215 0.06407319
 0.06589969 0.06389247 0.06585635 0.0636724  0.06648053 0.06540906
 0.06632998 0.06484195]
[ 8 14 10 16  7  1  9  4 28 26 30 27 23 19 25 22 11 13 12 17  3  2  6  5
 18 31 20 32 15 24 21 29]
dwi_cos
[{'regressor__max_iter': [500, 600], 'regressor__learning_rate': [0.05, 0.1], 'regressor__max_depth': [None, 5], 'regressor__min_samples_leaf': [20, 50], 'regressor__l2_regularization': [0.0, 0.5]}]
[-0.41626366 -0.41736364 -0.41690294 -0.41820133 -0.41441892 -0.4130918
 -0.41583911 -0.41375552 -0.4206174  -0.42370158 -0.42089549 -0.42432741
 -0.42192931 -0.42130196 -0.42282737 -0.42249839 -0.41428632 -0.41783118
 -0.41490414 -0.41878377 -0.41342681 -0.41529956 -0.414819   -0.4164583
 -0.42032862 -0.42119263 -0.42059912 -0.42165656 -0.42146394 -0.42064514
 -0.42207904 -0.42155861]
[0.03746402 0.03850629 0.03740236 0.03871163 0.03712921 0.03838155
 0.03743737 0.0382965  0.03667633 0.03735394 0.03670563 0.03730365
 0.03511702 0.03463568 0.03465436 0.03457664 0.03699637 0.03688385
 0.03718661 0.0368468  0.03733143 0.03803566 0.03756658 0.03779489
 0.03750419 0.03862891 0.03729363 0.03866386 0.03583929 0.0372808
 0.03577405 0.03714026]
[10 13 12 15  5  1  9  3 19 31 21 32 27 23 30 29  4 14  7 16  2  8  6 11
 17 22 18 26 24 20 28 25]
wind_max
[{'regressor__max_iter': [500, 600], 'regressor__learning_rate': [0.05, 0.1], 'regressor__max_depth': [None, 5], 'regressor__min_samples_leaf': [20, 50], 'regressor__l2_regularization': [0.0, 0.5]}]
[-2.31916828 -2.3303018  -2.32131785 -2.33276868 -2.3195537  -2.31476962
 -2.3223421  -2.31934128 -2.3414425  -2.34694112 -2.3426965  -2.3477229
 -2.34037266 -2.33559169 -2.34228531 -2.33807868 -2.32925146 -2.32900749
 -2.33004982 -2.33125646 -2.32735582 -2.31557106 -2.329788   -2.32045438
 -2.33666875 -2.34366133 -2.33816814 -2.34553048 -2.35292813 -2.34280611
 -2.35443142 -2.34727491]
[0.35204612 0.36163757 0.3510326  0.36218363 0.35875093 0.36706633
 0.35748317 0.36531759 0.35369219 0.36760012 0.35340564 0.36726862
 0.34850262 0.36725101 0.34789179 0.36863135 0.34476697 0.36721801
 0.34411467 0.3673372  0.35011252 0.36190414 0.35056018 0.35898158
 0.35572754 0.35983424 0.35572179 0.35922838 0.34537901 0.36977346
 0.34562266 0.36796699]
[ 3 14  7 16  5  1  8  4 22 28 24 30 21 17 23 19 11 10 13 15  9  2 12  6
 18 26 20 27 31 25 32 29]
wind_med
[{'regressor__max_iter': [500, 600], 'regressor__learning_rate': [0.05, 0.1], 'regressor__max_depth': [None, 5], 'regressor__min_samples_leaf': [20, 50], 'regressor__l2_regularization': [0.0, 0.5]}]
[-2.05446628 -2.0478018  -2.05726061 -2.05068709 -2.04534848 -2.03096757
 -2.05174704 -2.03675579 -2.07511881 -2.07682459 -2.075436   -2.07800503
 -2.08193577 -2.0677821  -2.08529146 -2.07178651 -2.06114063 -2.0472782
 -2.06339293 -2.05050829 -2.03980097 -2.0323817  -2.04474251 -2.03717122
 -2.08015364 -2.06917884 -2.08117055 -2.06990604 -2.07888195 -2.07262139
 -2.08134458 -2.07706513]
[0.40555404 0.40726625 0.40534555 0.40571925 0.40598257 0.41389637
 0.40489202 0.41587988 0.40027727 0.40591017 0.39953974 0.40547861
 0.40384294 0.39936838 0.40300665 0.39840233 0.40437976 0.4096579
 0.40270451 0.40921452 0.40674759 0.40935415 0.40531521 0.41150076
 0.40492498 0.40041897 0.40460103 0.39971958 0.38898809 0.40186701
 0.38708456 0.40288416]
[13  9 14 11  7  1 12  3 22 24 23 26 31 17 32 20 15  8 16 10  5  2  6  4
 28 18 29 19 27 21 30 25]
shww_max
[{'regressor__max_iter': [500, 600], 'regressor__learning_rate': [0.05, 0.1], 'regressor__max_depth': [None, 5], 'regressor__min_samples_leaf': [20, 50], 'regressor__l2_regularization': [0.0, 0.5]}]
[-0.9296317  -0.93131072 -0.93049694 -0.93317471 -0.91960767 -0.9188669
 -0.92106648 -0.92127044 -0.94238898 -0.93900135 -0.94274778 -0.94039548
 -0.93019974 -0.93553672 -0.93186011 -0.93820898 -0.92529754 -0.9339467
 -0.92627733 -0.93652192 -0.92008127 -0.92342789 -0.92198875 -0.92696751
 -0.93389729 -0.94082132 -0.93440448 -0.94191011 -0.93684594 -0.93484727
 -0.938053   -0.93831336]
[0.3973262  0.3912548  0.39731852 0.39142453 0.38802951 0.39918565
 0.38761719 0.39924646 0.39331624 0.39259609 0.39293543 0.39271878
 0.38403542 0.39332463 0.38393083 0.39318957 0.39381309 0.39378693
 0.39386608 0.39378463 0.38911824 0.39928403 0.38869259 0.39859217
 0.39482772 0.39043481 0.39499051 0.39041696 0.38718258 0.39792942
 0.38663796 0.39724572]
[11 14 13 16  2  1  4  5 31 27 32 28 12 21 15 25  8 18  9 22  3  7  6 10
 17 29 19 30 23 20 24 26]
shww_med
[{'regressor__max_iter': [500, 600], 'regressor__learning_rate': [0.05, 0.1], 'regressor__max_depth': [None, 5], 'regressor__min_samples_leaf': [20, 50], 'regressor__l2_regularization': [0.0, 0.5]}]
[-0.70806975 -0.70941751 -0.70860217 -0.71167553 -0.69987478 -0.69780444
 -0.7013216  -0.69943471 -0.70922684 -0.71517607 -0.70937449 -0.71662133
 -0.70611543 -0.71068765 -0.70681899 -0.7126854  -0.70678662 -0.70987771
 -0.7075059  -0.71200163 -0.70035304 -0.69680702 -0.70137122 -0.69940193
 -0.70902929 -0.72160701 -0.70919497 -0.72282568 -0.70336243 -0.70832611
 -0.70441014 -0.70963044]
[0.32910043 0.32891518 0.32849574 0.32987076 0.32274952 0.3284453
 0.32250005 0.328397   0.32516319 0.3293387  0.3250723  0.33067549
 0.32326796 0.32861274 0.32271567 0.32845929 0.32747918 0.33285514
 0.3270719  0.33385608 0.32257274 0.33004719 0.32227224 0.33000785
 0.32774344 0.33520025 0.32772842 0.33575837 0.31659463 0.33042099
 0.31683547 0.32939786]
[15 22 17 26  5  2  7  4 20 29 21 30 11 25 13 28 12 24 14 27  6  1  8  3
 18 31 19 32  9 16 10 23]
mdts_sin
[{'regressor__max_iter': [500, 600], 'regressor__learning_rate': [0.05, 0.1], 'regressor__max_depth': [None, 5], 'regressor__min_samples_leaf': [20, 50], 'regressor__l2_regularization': [0.0, 0.5]}]
[-0.08939708 -0.08998569 -0.08956482 -0.09028417 -0.08883743 -0.08843143
 -0.0891185  -0.08872425 -0.08989226 -0.09123338 -0.08991317 -0.09136829
 -0.08961286 -0.08961775 -0.08976745 -0.08986949 -0.08886046 -0.09005814
 -0.08897393 -0.09034633 -0.08948028 -0.0882003  -0.0897597  -0.08857435
 -0.09010833 -0.09131517 -0.09015668 -0.09145506 -0.09060728 -0.08921527
 -0.09071634 -0.08945991]
[0.04615651 0.04468274 0.04618828 0.04463403 0.04663458 0.04526345
 0.04643334 0.04507433 0.04639781 0.04386755 0.04637782 0.04391669
 0.04729069 0.04441685 0.0472286  0.04430495 0.04582279 0.04380398
 0.0459158  0.04383605 0.04749937 0.04566487 0.04736976 0.0455021
 0.04545268 0.04379991 0.04541511 0.04383984 0.04599923 0.04520003
 0.04604648 0.04508036]
[10 21 13 25  5  2  8  4 19 29 20 31 14 15 17 18  6 22  7 26 12  1 16  3
 23 30 24 32 27  9 28 11]
mdts_cos
[{'regressor__max_iter': [500, 600], 'regressor__learning_rate': [0.05, 0.1], 'regressor__max_depth': [None, 5], 'regressor__min_samples_leaf': [20, 50], 'regressor__l2_regularization': [0.0, 0.5]}]
[-0.10585281 -0.10430808 -0.1059426  -0.10447922 -0.10637515 -0.10116408
 -0.1067403  -0.10148051 -0.10855597 -0.10412393 -0.10857751 -0.10421332
 -0.10636483 -0.10377524 -0.10641484 -0.10393871 -0.10635212 -0.10373794
 -0.1064597  -0.10394216 -0.10512606 -0.10161425 -0.10534651 -0.10190344
 -0.10709111 -0.10390359 -0.1071162  -0.10396182 -0.10513947 -0.10341477
 -0.10525361 -0.10373475]
[0.04600941 0.04265814 0.0459731  0.04256834 0.04850593 0.04336208
 0.04829159 0.04324886 0.04814992 0.04139016 0.04812188 0.04134928
 0.04658768 0.0420916  0.04645633 0.04194831 0.04657592 0.04268055
 0.04648954 0.04256881 0.04775525 0.04377811 0.04749982 0.04359414
 0.04563866 0.04193197 0.04558864 0.04189862 0.04467609 0.04235144
 0.04465109 0.04225946]
[21 15 22 16 25  1 28  2 31 13 32 14 24  8 26 10 23  7 27 11 17  3 20  4
 29  9 30 12 18  5 19  6]
shts_max
[{'regressor__max_iter': [500, 600], 'regressor__learning_rate': [0.05, 0.1], 'regressor__max_depth': [None, 5], 'regressor__min_samples_leaf': [20, 50], 'regressor__l2_regularization': [0.0, 0.5]}]
[-0.55544695 -0.56354688 -0.556282   -0.56487732 -0.55435038 -0.55466705
 -0.55582359 -0.55604259 -0.5648326  -0.56871963 -0.56534103 -0.56946473
 -0.56319181 -0.56102505 -0.56440606 -0.56211597 -0.5589115  -0.56193388
 -0.56005582 -0.56325676 -0.55278284 -0.55301688 -0.55455274 -0.55509662
 -0.56564032 -0.57042463 -0.56626352 -0.5711446  -0.55832012 -0.56320291
 -0.55948976 -0.56511913]
[0.15004801 0.15048376 0.14971113 0.15008889 0.15328198 0.15272273
 0.15284356 0.15244475 0.15637115 0.14950236 0.15645412 0.14962008
 0.15331403 0.14730026 0.15300563 0.14704071 0.15646244 0.15059135
 0.1562854  0.14994306 0.15361416 0.15071798 0.15306645 0.14957336
 0.15536256 0.15045325 0.15550232 0.15058771 0.14978141 0.15014985
 0.14888204 0.14942634]
[ 7 21 10 24  3  5  8  9 23 29 26 30 18 15 22 17 12 16 14 20  1  2  4  6
 27 31 28 32 11 19 13 25]
shts_med
[{'regressor__max_iter': [500, 600], 'regressor__learning_rate': [0.05, 0.1], 'regressor__max_depth': [None, 5], 'regressor__min_samples_leaf': [20, 50], 'regressor__l2_regularization': [0.0, 0.5]}]
[-0.49074755 -0.49845353 -0.49143751 -0.49980981 -0.48961269 -0.4902805
 -0.49078801 -0.49187532 -0.49732475 -0.50431181 -0.49781013 -0.50501825
 -0.49668306 -0.49729537 -0.49731057 -0.49885411 -0.49165266 -0.49742139
 -0.49228466 -0.4988681  -0.48762238 -0.49111838 -0.48888072 -0.49237255
 -0.49814308 -0.50429765 -0.49851995 -0.50518193 -0.4959201  -0.49712996
 -0.49665999 -0.49859604]
[0.11368835 0.11697811 0.1138985  0.11724961 0.11419966 0.11492586
 0.11449591 0.11433991 0.11507589 0.11440684 0.11505526 0.11453536
 0.11463712 0.11438616 0.11434025 0.11435156 0.11514921 0.11677995
 0.11535119 0.11685416 0.11464764 0.11577563 0.11460934 0.11529726
 0.11436618 0.11652185 0.11440822 0.11666368 0.11506612 0.11648787
 0.11464102 0.11661756]
[ 5 23  8 28  3  4  6 10 19 30 21 31 15 17 18 26  9 20 11 27  1  7  2 12
 22 29 24 32 13 16 14 25]

*****************************************************************************
*                                                                           *
*                    JOB EFFICIENCY REPORT (seff 13176803)                   *
*                                                                           *
*****************************************************************************

Job ID: 13176803
Cluster: finisterrae3
User/Group: curso342/ulc
State: COMPLETED (exit code 0)
Nodes: 1
Cores per node: 64
CPU Utilized: 6-21:45:55
CPU Efficiency: 93.35% of 7-09:34:56 core-walltime
Job Wall-clock time: 02:46:29
Memory Utilized: 213.15 MB
Memory Efficiency: 1.30% of 16.00 GB

 +++++++++++++++++++++++++++++++++++++++++++++++++++++++++++++++++++++++++++
 ++   Memory Efficiency is too small. Please review the requested memory. ++
 ++ It seems that you do not need that much memory so we recommend        ++
 ++ requesting less memory in other similar jobs.                         ++
 +++++++++++++++++++++++++++++++++++++++++++++++++++++++++++++++++++++++++++
 
*****************************************************************************

