slurmstepd: info: Setting TMPDIR to /scratch/13075253. Previous errors about TMPDIR can be discarded
dwi_sin
[
    {
        'regressor': [RandomForestRegressor()],
        'regressor__n_estimators': [100, 200, 300],
        'regressor__max_depth': [None, 20],
        'regressor__min_samples_split': [2, 10],
        'regressor__min_samples_leaf': [1, 4],
        'regressor__max_features': ['sqrt', 'log2']
    }
]
[-0.4709301  -0.47079337 -0.47002834 -0.47242413 -0.46980048 -0.47099665
 -0.46711095 -0.46816933 -0.46757839 -0.4674223  -0.4667208  -0.46665639
 -0.47211243 -0.470314   -0.4698032  -0.47068447 -0.4700163  -0.47016273
 -0.46708043 -0.46791625 -0.46588716 -0.46543268 -0.46612273 -0.46720841
 -0.47195256 -0.47103776 -0.47059485 -0.47243649 -0.47045737 -0.47016072
 -0.46826472 -0.46679712 -0.46755823 -0.46908613 -0.46693479 -0.46731506
 -0.4725002  -0.47054472 -0.47043264 -0.47122858 -0.4695018  -0.46901466
 -0.46779977 -0.46698843 -0.46740002 -0.4685521  -0.46689669 -0.46737141]
[0.06135831 0.06016378 0.06151006 0.06118503 0.06074532 0.06154111
 0.06204333 0.06300155 0.06243992 0.06086291 0.06139248 0.06263284
 0.06066133 0.06118315 0.06185536 0.06121692 0.0617243  0.06152479
 0.06099502 0.06298372 0.06218205 0.06113738 0.06290602 0.06177119
 0.06226995 0.0621755  0.06116399 0.06221948 0.06039904 0.06212061
 0.06226452 0.06245999 0.06205819 0.06143886 0.06283137 0.0619537
 0.05963611 0.06179532 0.0601713  0.06180571 0.06102961 0.06174377
 0.06298553 0.06198938 0.06240008 0.06163262 0.06214762 0.06255716]
[40 39 30 46 27 41 11 21 18 16  5  4 45 33 28 38 29 32 10 20  2  1  3 12
 44 42 37 47 35 31 22  6 17 25  8 13 48 36 34 43 26 24 19  9 15 23  7 14]
dwi_cos
[
    {
        'regressor': [RandomForestRegressor()],
        'regressor__n_estimators': [100, 200, 300],
        'regressor__max_depth': [None, 20],
        'regressor__min_samples_split': [2, 10],
        'regressor__min_samples_leaf': [1, 4],
        'regressor__max_features': ['sqrt', 'log2']
    }
]
[-0.40742697 -0.40536744 -0.40612716 -0.40678354 -0.40556818 -0.40591692
 -0.40574938 -0.40417416 -0.40475221 -0.40625058 -0.40455186 -0.40463977
 -0.40850767 -0.40736096 -0.406959   -0.40645446 -0.40697811 -0.40604882
 -0.40682949 -0.40579542 -0.4058569  -0.4072112  -0.40619543 -0.4063302
 -0.40658082 -0.40562397 -0.40562342 -0.40671823 -0.40508776 -0.405077
 -0.40686059 -0.40568931 -0.40546848 -0.40624958 -0.40563189 -0.40466876
 -0.40790245 -0.40721665 -0.40623118 -0.40746515 -0.40617254 -0.40677366
 -0.40543174 -0.40697915 -0.40620687 -0.40634744 -0.40608839 -0.4057791 ]
[0.03770745 0.03683526 0.03668706 0.03650504 0.03630031 0.03656489
 0.03761405 0.03751539 0.03702287 0.03701294 0.03759171 0.0372048
 0.03593883 0.0356543  0.03707227 0.03828034 0.03717717 0.03698281
 0.0374435  0.03730848 0.03691003 0.03745928 0.03647055 0.03743632
 0.03727799 0.03758594 0.03650679 0.0374578  0.03694304 0.03745238
 0.03637079 0.0373208  0.03758839 0.03708506 0.03816851 0.03693558
 0.0372785  0.03705599 0.03642983 0.03652062 0.0375779  0.03682952
 0.03729856 0.0375028  0.03694248 0.03708723 0.0382211  0.03729102]
[45  8 23 36 11 20 16  1  5 29  2  3 48 44 39 32 40 21 37 18 19 42 25 30
 33 13 12 34  7  6 38 15 10 28 14  4 47 43 27 46 24 35  9 41 26 31 22 17]
wind_max
[
    {
        'regressor': [RandomForestRegressor()],
        'regressor__n_estimators': [100, 200, 300],
        'regressor__max_depth': [None, 20],
        'regressor__min_samples_split': [2, 10],
        'regressor__min_samples_leaf': [1, 4],
        'regressor__max_features': ['sqrt', 'log2']
    }
]
[-2.34208962 -2.321456   -2.32712571 -2.33742827 -2.34076018 -2.34078826
 -2.34109692 -2.32666865 -2.3256808  -2.33484344 -2.32332203 -2.32574538
 -2.33281987 -2.32698024 -2.31938326 -2.3216904  -2.32964242 -2.32278846
 -2.32119631 -2.32046276 -2.31862824 -2.3295622  -2.3244498  -2.31349176
 -2.33920822 -2.33789048 -2.328855   -2.32943897 -2.32920523 -2.33520344
 -2.33729576 -2.33995671 -2.32552667 -2.34515783 -2.32567887 -2.32228533
 -2.33886307 -2.325277   -2.32203186 -2.32682469 -2.3221919  -2.32566358
 -2.32698804 -2.32190297 -2.31864125 -2.32049732 -2.31958313 -2.3130162 ]
[0.36558869 0.37110187 0.36479642 0.37500526 0.3654306  0.3711422
 0.35813586 0.35803202 0.36059288 0.35720435 0.36932067 0.36755215
 0.37309641 0.36410498 0.36958972 0.37267989 0.37554418 0.36904065
 0.37012945 0.36818942 0.37012676 0.36240737 0.36412797 0.36729551
 0.36844136 0.36870885 0.37540241 0.3763047  0.37333875 0.37036019
 0.36668047 0.36357693 0.35638795 0.36653248 0.35848628 0.36336005
 0.37335861 0.36849085 0.37640765 0.36820807 0.37145658 0.37329543
 0.36721154 0.36815109 0.36686633 0.37094929 0.37167605 0.37165103]
[47 10 29 39 44 45 46 25 23 36 17 24 35 27  5 11 34 16  9  7  3 33 18  2
 42 40 30 32 31 37 38 43 20 48 22 15 41 19 13 26 14 21 28 12  4  8  6  1]
wind_med
[
    {
        'regressor': [RandomForestRegressor()],
        'regressor__n_estimators': [100, 200, 300],
        'regressor__max_depth': [None, 20],
        'regressor__min_samples_split': [2, 10],
        'regressor__min_samples_leaf': [1, 4],
        'regressor__max_features': ['sqrt', 'log2']
    }
]
[-2.03633677 -2.03022231 -2.02746489 -2.03175604 -2.03422314 -2.03157692
 -2.02161459 -2.02449344 -2.01700341 -2.03740515 -2.02246502 -2.01677524
 -2.03664927 -2.02408571 -2.02383821 -2.03098472 -2.02326363 -2.02673663
 -2.01299992 -2.01790856 -2.01381775 -2.02435198 -2.02238525 -2.01924528
 -2.02865396 -2.03027375 -2.02879177 -2.03684134 -2.03304271 -2.02572225
 -2.0317146  -2.01514905 -2.01989566 -2.02267093 -2.02686029 -2.02036935
 -2.02790134 -2.0237477  -2.02390426 -2.03100786 -2.03018069 -2.02186011
 -2.02007098 -2.0196976  -2.0176905  -2.0260154  -2.0158388  -2.01744831]
[0.3962907  0.39310421 0.39028902 0.38844864 0.39201466 0.39058747
 0.39526463 0.39364107 0.39874487 0.39225411 0.3961663  0.39663277
 0.39741096 0.39819898 0.39833897 0.38903344 0.3967074  0.39761624
 0.39815878 0.40131404 0.39864625 0.40347823 0.39960802 0.39831854
 0.40006964 0.38846058 0.38969129 0.39206382 0.38923836 0.3903145
 0.39393896 0.3969088  0.3915614  0.39582514 0.39160871 0.39635522
 0.4003848  0.39911124 0.40174494 0.39297958 0.39765449 0.39922555
 0.39840311 0.40370011 0.3983989  0.38742862 0.40261118 0.39792842]
[45 36 31 42 44 40 15 26  6 48 18  5 46 24 22 38 20 29  1  9  2 25 17 10
 33 37 34 47 43 27 41  3 12 19 30 14 32 21 23 39 35 16 13 11  8 28  4  7]
shww_max
[
    {
        'regressor': [RandomForestRegressor()],
        'regressor__n_estimators': [100, 200, 300],
        'regressor__max_depth': [None, 20],
        'regressor__min_samples_split': [2, 10],
        'regressor__min_samples_leaf': [1, 4],
        'regressor__max_features': ['sqrt', 'log2']
    }
]
[-0.91562923 -0.91926284 -0.9141652  -0.92556814 -0.91969605 -0.91459551
 -0.90851412 -0.90805911 -0.90507587 -0.90575734 -0.90288263 -0.90583973
 -0.91701828 -0.91392068 -0.91147584 -0.91989828 -0.91386938 -0.91000584
 -0.91009353 -0.90180905 -0.90521639 -0.90742763 -0.90268514 -0.90421756
 -0.92088471 -0.91578683 -0.91742563 -0.91789026 -0.92017752 -0.91732545
 -0.90811556 -0.90794761 -0.9087178  -0.90763505 -0.90391051 -0.9069258
 -0.91889012 -0.91518098 -0.91118166 -0.91603704 -0.91093978 -0.91399998
 -0.90615564 -0.90567546 -0.90465798 -0.90793692 -0.90861484 -0.90477343]
[0.39790748 0.39677537 0.39722048 0.40215804 0.39952664 0.39481762
 0.39720551 0.3969267  0.39544952 0.3963391  0.39421721 0.39744425
 0.40290957 0.39839627 0.40080964 0.40027938 0.39822391 0.39711953
 0.40140298 0.39861479 0.40004958 0.40371364 0.39523808 0.39893932
 0.40469922 0.40142943 0.40177963 0.39974281 0.39673748 0.39515607
 0.3979968  0.39533667 0.39638906 0.40232243 0.39280341 0.39740652
 0.41029712 0.40516073 0.40392094 0.3977352  0.39502456 0.40149197
 0.39840877 0.40142108 0.40113034 0.40122465 0.40199494 0.40162445]
[35 43 32 48 44 33 21 19  8 11  3 12 38 30 28 45 29 24 25  1  9 15  2  5
 47 36 40 41 46 39 20 18 23 16  4 14 42 34 27 37 26 31 13 10  6 17 22  7]
shww_med
[
    {
        'regressor': [RandomForestRegressor()],
        'regressor__n_estimators': [100, 200, 300],
        'regressor__max_depth': [None, 20],
        'regressor__min_samples_split': [2, 10],
        'regressor__min_samples_leaf': [1, 4],
        'regressor__max_features': ['sqrt', 'log2']
    }
]
[-0.70728304 -0.6995625  -0.69915283 -0.70413485 -0.69912642 -0.69954273
 -0.69099426 -0.69212777 -0.69167245 -0.69326164 -0.68991666 -0.69095013
 -0.69695073 -0.69542611 -0.6946581  -0.69801246 -0.69619714 -0.69371586
 -0.68975706 -0.68869103 -0.6887577  -0.68799536 -0.6884903  -0.68966168
 -0.70155888 -0.70046665 -0.69726669 -0.70153423 -0.69765654 -0.69904068
 -0.68832613 -0.6889808  -0.69033238 -0.68831637 -0.6884563  -0.68774075
 -0.69802271 -0.69695448 -0.6944052  -0.69828749 -0.69562812 -0.69567854
 -0.68766665 -0.68735236 -0.6890128  -0.68559038 -0.68753044 -0.68604241]
[0.34053912 0.33384083 0.32992423 0.33393061 0.3299703  0.33204293
 0.33009953 0.33354292 0.33342896 0.3330284  0.32990077 0.33202967
 0.33319628 0.33217669 0.33076675 0.3325983  0.33042425 0.32840763
 0.33007141 0.33038816 0.33191077 0.33114042 0.32986188 0.33138203
 0.33546432 0.33468328 0.33248548 0.33686351 0.33044842 0.33153248
 0.32798557 0.33136656 0.33074215 0.33158518 0.33106308 0.33219152
 0.33052204 0.33218876 0.33032852 0.33145478 0.33393105 0.33032391
 0.33044419 0.33026916 0.33034629 0.33175478 0.32997021 0.33029887]
[48 43 41 47 40 42 21 23 22 24 18 20 32 28 27 36 31 25 17 12 13  7 11 16
 46 44 34 45 35 39  9 14 19  8 10  6 37 33 26 38 29 30  5  3 15  1  4  2]
mdts_sin
[
    {
        'regressor': [RandomForestRegressor()],
        'regressor__n_estimators': [100, 200, 300],
        'regressor__max_depth': [None, 20],
        'regressor__min_samples_split': [2, 10],
        'regressor__min_samples_leaf': [1, 4],
        'regressor__max_features': ['sqrt', 'log2']
    }
]
[-0.08636944 -0.08575227 -0.08528002 -0.08576348 -0.08539599 -0.08535957
 -0.08443747 -0.08510021 -0.08508998 -0.0852342  -0.08472547 -0.0850922
 -0.08555522 -0.08529375 -0.0853136  -0.08529739 -0.08530976 -0.08528589
 -0.08466422 -0.08450215 -0.08439753 -0.08483842 -0.08471911 -0.08466673
 -0.08548822 -0.0856621  -0.08570943 -0.08577619 -0.08544971 -0.08550553
 -0.08492554 -0.08499707 -0.08537139 -0.08489306 -0.08512238 -0.08485487
 -0.08560026 -0.0850578  -0.08506248 -0.08571376 -0.0852229  -0.08500624
 -0.08497517 -0.08444521 -0.08449287 -0.08475408 -0.08484272 -0.08475494]
[0.04507305 0.04510359 0.04480397 0.04464602 0.04504891 0.04495911
 0.0453858  0.04539788 0.04523533 0.04543801 0.04554485 0.04513073
 0.04568282 0.04549582 0.04556696 0.04581851 0.04591342 0.04529105
 0.04520053 0.04611336 0.04599259 0.04597689 0.04597293 0.04594476
 0.04525774 0.04501629 0.04471015 0.04520082 0.04541638 0.04480525
 0.04490356 0.04557992 0.04522726 0.04525602 0.04485186 0.04514347
 0.04632866 0.04610358 0.04591715 0.04594252 0.04575892 0.04588687
 0.04687135 0.04574848 0.04617983 0.0461416  0.04630458 0.04609129]
[48 45 28 46 36 34  2 24 22 27  9 23 40 30 33 31 32 29  6  5  1 12  8  7
 38 42 43 47 37 39 16 18 35 15 25 14 41 20 21 44 26 19 17  3  4 10 13 11]
mdts_cos
[
    {
        'regressor': [RandomForestRegressor()],
        'regressor__n_estimators': [100, 200, 300],
        'regressor__max_depth': [None, 20],
        'regressor__min_samples_split': [2, 10],
        'regressor__min_samples_leaf': [1, 4],
        'regressor__max_features': ['sqrt', 'log2']
    }
]
[-0.10102171 -0.10086268 -0.10130273 -0.10157862 -0.10084407 -0.10103318
 -0.09993818 -0.09911638 -0.09996831 -0.09948096 -0.09938266 -0.09949746
 -0.10068763 -0.10059322 -0.10000618 -0.10122439 -0.10076927 -0.1003791
 -0.09896771 -0.09868962 -0.09860865 -0.09893843 -0.09808533 -0.09865543
 -0.10079621 -0.10120353 -0.10083705 -0.10123875 -0.10113594 -0.1010107
 -0.09961805 -0.09923186 -0.09927813 -0.09914043 -0.09916854 -0.09928391
 -0.10065904 -0.10081236 -0.10051332 -0.10035375 -0.09998875 -0.1000076
 -0.09922462 -0.09924444 -0.0982405  -0.09877852 -0.09864979 -0.09856769]
[0.04454662 0.04466336 0.04512919 0.04528048 0.04497612 0.04568097
 0.04507241 0.04426226 0.04548898 0.04445124 0.04490419 0.04474008
 0.04524346 0.04471025 0.04483475 0.04528156 0.04554362 0.04490543
 0.04470151 0.04432849 0.04457174 0.04493845 0.04383809 0.0444933
 0.04485196 0.045339   0.04486171 0.04500371 0.0451465  0.04515833
 0.04495728 0.04411928 0.04466392 0.04400366 0.04437255 0.04478004
 0.04447175 0.04543112 0.0448771  0.04477114 0.04461875 0.04488257
 0.04459588 0.04489079 0.04402233 0.04459582 0.04448181 0.04422228]
[41 39 47 48 38 42 23 11 24 20 19 21 33 31 26 45 34 29 10  7  4  9  1  6
 35 44 37 46 43 40 22 15 17 12 13 18 32 36 30 28 25 27 14 16  2  8  5  3]
shts_max
[
    {
        'regressor': [RandomForestRegressor()],
        'regressor__n_estimators': [100, 200, 300],
        'regressor__max_depth': [None, 20],
        'regressor__min_samples_split': [2, 10],
        'regressor__min_samples_leaf': [1, 4],
        'regressor__max_features': ['sqrt', 'log2']
    }
]
[-0.55165603 -0.54963294 -0.54880102 -0.55143952 -0.54850293 -0.54880456
 -0.54446207 -0.54288823 -0.54153926 -0.54201716 -0.5429329  -0.54214152
 -0.55163141 -0.55129874 -0.54952853 -0.55280315 -0.54918023 -0.55020303
 -0.54476516 -0.54445529 -0.54367263 -0.54532941 -0.54567294 -0.54396007
 -0.54948769 -0.54790782 -0.54698323 -0.54825264 -0.5482887  -0.54824922
 -0.54301157 -0.54214272 -0.54195785 -0.54447726 -0.54335677 -0.54260727
 -0.55045306 -0.55297731 -0.5500316  -0.55184112 -0.54804585 -0.54751272
 -0.54299517 -0.54420634 -0.54411078 -0.54632181 -0.54376875 -0.54389396]
[0.14893833 0.14692372 0.14767735 0.15021527 0.14767665 0.14770014
 0.14666314 0.14546106 0.14519341 0.14596987 0.14718619 0.14669051
 0.15171842 0.15172457 0.15357679 0.15290058 0.15021697 0.15144366
 0.15246916 0.15021356 0.14987228 0.15038506 0.14950366 0.14975132
 0.14966045 0.14767443 0.14787058 0.1463708  0.14845115 0.14778642
 0.14759873 0.14654712 0.14524723 0.14831043 0.14734233 0.14675141
 0.15270561 0.15393383 0.15160764 0.15113245 0.15176677 0.14988957
 0.14847202 0.15113159 0.15077495 0.15165693 0.15097273 0.15032054]
[45 38 33 43 32 34 19  7  1  3  8  4 44 42 37 47 35 40 21 18 12 22 23 15
 36 27 25 30 31 29 10  5  2 20 11  6 41 48 39 46 28 26  9 17 16 24 13 14]
shts_med
[
    {
        'regressor': [RandomForestRegressor()],
        'regressor__n_estimators': [100, 200, 300],
        'regressor__max_depth': [None, 20],
        'regressor__min_samples_split': [2, 10],
        'regressor__min_samples_leaf': [1, 4],
        'regressor__max_features': ['sqrt', 'log2']
    }
]
[-0.48751571 -0.48837064 -0.48548138 -0.48898744 -0.48608669 -0.48587548
 -0.48336027 -0.48222558 -0.48309216 -0.48294137 -0.48309455 -0.48294801
 -0.49064293 -0.491342   -0.48893703 -0.48813416 -0.48827721 -0.4863594
 -0.48558616 -0.48353467 -0.48565622 -0.48571498 -0.48380694 -0.48522298
 -0.48822561 -0.4875531  -0.48442886 -0.48609739 -0.4850931  -0.48589706
 -0.48358996 -0.48442008 -0.48254508 -0.48356491 -0.48317677 -0.48280457
 -0.49143133 -0.49125686 -0.48701052 -0.48907816 -0.48828802 -0.48783061
 -0.48535272 -0.48547712 -0.48540377 -0.48572663 -0.48591892 -0.4838259 ]
[0.11173552 0.1124393  0.11074862 0.11355184 0.11257963 0.11131008
 0.11042996 0.11123118 0.11133685 0.10999671 0.11147522 0.11056334
 0.11427249 0.11419204 0.11357353 0.11239072 0.11503481 0.11213705
 0.11284728 0.1114318  0.11261617 0.11333868 0.11134978 0.11180459
 0.11107323 0.1119678  0.1122077  0.11216313 0.11418777 0.11248884
 0.11130014 0.11193887 0.11034529 0.10934674 0.11164326 0.11020248
 0.11576937 0.11366497 0.11235403 0.11547034 0.11356259 0.11432845
 0.11311667 0.1130102  0.1122714  0.11260412 0.11351647 0.11115082]
[34 41 22 43 30 27  9  1  6  4  7  5 45 47 42 37 39 32 23 10 24 25 13 18
 38 35 16 31 17 28 12 15  2 11  8  3 48 46 33 44 40 36 19 21 20 26 29 14]

*****************************************************************************
*                                                                           *
*                    JOB EFFICIENCY REPORT (seff 13075253)                   *
*                                                                           *
*****************************************************************************

Job ID: 13075253
Cluster: finisterrae3
User/Group: curso342/ulc
State: COMPLETED (exit code 0)
Nodes: 1
Cores per node: 32
CPU Utilized: 21:28:57
CPU Efficiency: 91.06% of 23:35:28 core-walltime
Job Wall-clock time: 00:44:14
Memory Utilized: 6.89 GB
Memory Efficiency: 43.08% of 16.00 GB

 +++++++++++++++++++++++++++++++++++++++++++++++++++++++++++++++++++++++++++
 ++   Memory Efficiency is too small. Please review the requested memory. ++
 ++ It seems that you do not need that much memory so we recommend        ++
 ++ requesting less memory in other similar jobs.                         ++
 +++++++++++++++++++++++++++++++++++++++++++++++++++++++++++++++++++++++++++
 
*****************************************************************************

