slurmstepd: info: Setting TMPDIR to /scratch/13086307. Previous errors about TMPDIR can be discarded
dwi_sin
[
    {
        'regressor__n_estimators': [400, 500, 600],
        'regressor__max_depth': [None, 20],
        'regressor__min_samples_split': [2, 10],
        'regressor__min_samples_leaf': [1, 4],
        'regressor__max_features': ['sqrt', 'log2']
    }
]
[-0.47098588 -0.4699195  -0.47062154 -0.47052242 -0.47014642 -0.47030136
 -0.466983   -0.46765746 -0.46672943 -0.46736062 -0.46690665 -0.46723761
 -0.46998617 -0.46990859 -0.46965175 -0.46889393 -0.46888706 -0.46908519
 -0.46727687 -0.46689981 -0.46583969 -0.46660333 -0.46650081 -0.4664818
 -0.46975028 -0.47060119 -0.47032672 -0.47035706 -0.47081937 -0.46966575
 -0.4672595  -0.4673197  -0.46712256 -0.46722005 -0.4672096  -0.46715393
 -0.46970504 -0.47015587 -0.46952828 -0.46951877 -0.46954694 -0.46947743
 -0.46677993 -0.46611404 -0.46639377 -0.4665306  -0.46588011 -0.46635391]
[0.06093346 0.06102487 0.06123279 0.0607198  0.06072486 0.06077405
 0.06247062 0.06231816 0.06205853 0.06236036 0.06274278 0.06233213
 0.06126929 0.06159471 0.0601726  0.06103062 0.06120805 0.06207665
 0.06215595 0.06212381 0.0628197  0.06249182 0.06286716 0.062503
 0.06108139 0.06067375 0.06048116 0.0603786  0.06133024 0.0613279
 0.06193297 0.06217684 0.06220943 0.06206803 0.06242744 0.06235974
 0.06155577 0.06139568 0.06179957 0.0622351  0.06131553 0.06181753
 0.06262439 0.06277667 0.06213312 0.0625333  0.06192933 0.06251481]
[48 37 46 44 39 41 14 24 10 23 13 19 38 36 32 26 25 27 21 12  1  9  7  6
 35 45 42 43 47 33 20 22 15 18 17 16 34 40 30 29 31 28 11  3  5  8  2  4]
dwi_cos
[
    {
        'regressor__n_estimators': [400, 500, 600],
        'regressor__max_depth': [None, 20],
        'regressor__min_samples_split': [2, 10],
        'regressor__min_samples_leaf': [1, 4],
        'regressor__max_features': ['sqrt', 'log2']
    }
]
[-0.40530815 -0.40520144 -0.40487611 -0.40525986 -0.40444357 -0.40486164
 -0.40460866 -0.40464512 -0.40453481 -0.40518717 -0.40473708 -0.40453093
 -0.40629721 -0.40600518 -0.40595547 -0.40560448 -0.40590253 -0.40609289
 -0.40590584 -0.40539907 -0.40582741 -0.40594741 -0.40557123 -0.40556779
 -0.40544992 -0.40518804 -0.40506614 -0.40558319 -0.40473876 -0.40491734
 -0.40438095 -0.40478906 -0.40499411 -0.4049082  -0.40449297 -0.40499379
 -0.40621497 -0.40596463 -0.40576254 -0.40568208 -0.40599333 -0.4054397
 -0.40493151 -0.40598085 -0.40566853 -0.40583135 -0.40567514 -0.40556146]
[0.03681498 0.03653865 0.03712068 0.03620348 0.03749083 0.0367784
 0.03729794 0.03780248 0.03705239 0.03633078 0.03698202 0.03758392
 0.03746874 0.03690621 0.03705283 0.03752203 0.03712972 0.03683475
 0.03735758 0.03738313 0.03723654 0.03747103 0.03779685 0.03714622
 0.03690928 0.03705407 0.03716465 0.03764671 0.03698471 0.03745995
 0.0373462  0.0371222  0.03730623 0.03772377 0.03712393 0.03725427
 0.03631485 0.03714351 0.0371792  0.03720635 0.03667759 0.0369919
 0.03705008 0.03762476 0.03707208 0.03663887 0.03744065 0.03740981]
[23 21 12 22  2 11  6  7  5 19  8  4 48 45 41 31 38 46 39 24 36 40 29 28
 26 20 18 30  9 14  1 10 17 13  3 16 47 42 35 34 44 25 15 43 32 37 33 27]
wind_max
[
    {
        'regressor__n_estimators': [400, 500, 600],
        'regressor__max_depth': [None, 20],
        'regressor__min_samples_split': [2, 10],
        'regressor__min_samples_leaf': [1, 4],
        'regressor__max_features': ['sqrt', 'log2']
    }
]
[-2.33377082 -2.33015412 -2.33194152 -2.33038312 -2.3387503  -2.33293646
 -2.3270284  -2.32871206 -2.32703424 -2.33014395 -2.3256749  -2.32354547
 -2.32355242 -2.32254733 -2.32229175 -2.33008195 -2.32174658 -2.32654351
 -2.31845223 -2.31883744 -2.32106429 -2.32046167 -2.3202158  -2.32011283
 -2.32406544 -2.32833068 -2.33117572 -2.32978255 -2.33122441 -2.33496042
 -2.32696385 -2.32323079 -2.32663515 -2.3242755  -2.32739744 -2.32821266
 -2.32264415 -2.3210293  -2.32248219 -2.32760101 -2.32539982 -2.32467287
 -2.3246144  -2.32048738 -2.32007311 -2.31888176 -2.31674932 -2.32842902]
[0.36380316 0.37171592 0.36819645 0.36324879 0.3672188  0.3703775
 0.36394472 0.35985185 0.36286116 0.3582332  0.36105131 0.3591314
 0.36312154 0.37524251 0.37474005 0.37099772 0.37049096 0.36783973
 0.36595445 0.36574282 0.36336853 0.36493611 0.36609577 0.3627533
 0.36103297 0.3705685  0.36711779 0.36672446 0.3675295  0.36264333
 0.36181939 0.36004797 0.36359965 0.36152604 0.36477546 0.36370716
 0.37177625 0.36628842 0.37632132 0.36970974 0.36993727 0.3724582
 0.36381632 0.36520766 0.36498511 0.36234491 0.36315476 0.36347272]
[46 40 44 41 48 45 29 36 30 39 25 18 19 15 13 38 12 26  2  3 11  8  7  6
 20 34 42 37 43 47 28 17 27 21 31 33 16 10 14 32 24 23 22  9  5  4  1 35]
wind_med
[
    {
        'regressor__n_estimators': [400, 500, 600],
        'regressor__max_depth': [None, 20],
        'regressor__min_samples_split': [2, 10],
        'regressor__min_samples_leaf': [1, 4],
        'regressor__max_features': ['sqrt', 'log2']
    }
]
[-2.02496785 -2.02447461 -2.02691508 -2.02738592 -2.02769695 -2.02921196
 -2.0197792  -2.02018703 -2.0194674  -2.02303411 -2.02327769 -2.01882831
 -2.02246431 -2.02144891 -2.0191257  -2.02809271 -2.02656309 -2.02134957
 -2.02077783 -2.01561551 -2.01482598 -2.01546274 -2.01788035 -2.01537932
 -2.02624833 -2.02138727 -2.02080412 -2.02605805 -2.02694751 -2.02510203
 -2.01881402 -2.02199388 -2.01836567 -2.02317434 -2.01839163 -2.02272412
 -2.02061895 -2.02111281 -2.02328201 -2.02208048 -2.02237339 -2.02190697
 -2.01845273 -2.01627247 -2.01583662 -2.01527333 -2.01356088 -2.01668399]
[0.39780878 0.39261922 0.39219439 0.39268602 0.39091639 0.393975
 0.39647635 0.39999134 0.39689134 0.39069723 0.39823489 0.39586403
 0.39978467 0.39764432 0.4007343  0.39522719 0.39523421 0.39539176
 0.39852748 0.40011812 0.40384715 0.39806154 0.40138627 0.40133629
 0.39303256 0.39693089 0.39466931 0.39532045 0.39536074 0.39440764
 0.39499377 0.39865491 0.39756882 0.39918478 0.39520253 0.39387521
 0.39847736 0.39952505 0.39679794 0.39492647 0.39843083 0.39539118
 0.40085983 0.4019017  0.40174102 0.40334593 0.40175524 0.40261468]
[38 37 43 45 46 48 18 19 17 33 35 15 31 26 16 47 42 24 21  6  2  5 10  4
 41 25 22 40 44 39 14 28 11 34 12 32 20 23 36 29 30 27 13  8  7  3  1  9]
shww_max
[
    {
        'regressor__n_estimators': [400, 500, 600],
        'regressor__max_depth': [None, 20],
        'regressor__min_samples_split': [2, 10],
        'regressor__min_samples_leaf': [1, 4],
        'regressor__max_features': ['sqrt', 'log2']
    }
]
[-0.91425052 -0.91519476 -0.91617136 -0.91343806 -0.9137502  -0.91597719
 -0.90736081 -0.90516597 -0.90694977 -0.90486037 -0.90596082 -0.90397034
 -0.91722513 -0.91336929 -0.91420835 -0.91252876 -0.91184118 -0.91347724
 -0.90434961 -0.90494373 -0.90384691 -0.9055083  -0.90364848 -0.90465919
 -0.91658255 -0.91884727 -0.91615101 -0.91520743 -0.91482011 -0.91495009
 -0.90782501 -0.90780593 -0.90668739 -0.90824719 -0.90548283 -0.90621469
 -0.91338305 -0.90938242 -0.91254764 -0.9103568  -0.91166162 -0.9111409
 -0.90536512 -0.9074042  -0.90369298 -0.90444762 -0.90497763 -0.90408356]
[0.39793963 0.39740918 0.39750588 0.39628445 0.39432147 0.39471834
 0.39791438 0.39838208 0.3967968  0.39684974 0.3965413  0.3951247
 0.40309645 0.40005568 0.40038647 0.39965542 0.39809398 0.39961738
 0.40135033 0.398743   0.39899062 0.40287167 0.40062508 0.39806493
 0.40123845 0.39973785 0.4001444  0.39802802 0.39739724 0.39640943
 0.39839796 0.39704307 0.39737684 0.39679156 0.39585673 0.39625967
 0.40128466 0.39919931 0.401418   0.39808868 0.39916563 0.39736804
 0.39873071 0.40212496 0.39923664 0.40028937 0.40046837 0.40276419]
[38 41 45 34 36 43 20 12 19  9 16  4 47 32 37 30 29 35  6 10  3 15  1  8
 46 48 44 42 39 40 23 22 18 24 14 17 33 25 31 26 28 27 13 21  2  7 11  5]
shww_med
[
    {
        'regressor__n_estimators': [400, 500, 600],
        'regressor__max_depth': [None, 20],
        'regressor__min_samples_split': [2, 10],
        'regressor__min_samples_leaf': [1, 4],
        'regressor__max_features': ['sqrt', 'log2']
    }
]
[-0.69805696 -0.69792429 -0.69678125 -0.69855058 -0.69705942 -0.69845039
 -0.69225689 -0.69028928 -0.69009936 -0.69141441 -0.68926434 -0.69078682
 -0.69750689 -0.69640788 -0.69287246 -0.69511297 -0.6965443  -0.69506612
 -0.68772513 -0.68644225 -0.68797892 -0.68702108 -0.68794968 -0.68793638
 -0.69783088 -0.69811584 -0.69647523 -0.69828315 -0.69814933 -0.69820648
 -0.68950615 -0.68892426 -0.69013373 -0.69054441 -0.68953297 -0.6895223
 -0.69462942 -0.69467439 -0.69461041 -0.69400372 -0.69374339 -0.69523987
 -0.68842518 -0.68850306 -0.68771586 -0.68973998 -0.68718086 -0.68692793]
[0.33398165 0.33405921 0.33194388 0.33016502 0.33148085 0.33188974
 0.33318264 0.33230579 0.33218211 0.33138752 0.33150366 0.33183559
 0.33421756 0.33218354 0.33200106 0.33197887 0.33137589 0.33116934
 0.33115329 0.32931564 0.33127667 0.3309698  0.33065142 0.33201152
 0.33381154 0.33335067 0.33224621 0.33334909 0.33109461 0.33255741
 0.33202589 0.3300081  0.33130797 0.33219612 0.33122789 0.33064189
 0.33439402 0.33290027 0.33263987 0.33172799 0.3313037  0.3321186
 0.33175385 0.33097074 0.33091907 0.33136308 0.33112255 0.32940498]
[42 41 37 48 38 47 24 20 18 23 13 22 39 34 25 32 36 31  6  1  9  3  8  7
 40 43 35 46 44 45 14 12 19 21 16 15 29 30 28 27 26 33 10 11  5 17  4  2]
mdts_sin
[
    {
        'regressor__n_estimators': [400, 500, 600],
        'regressor__max_depth': [None, 20],
        'regressor__min_samples_split': [2, 10],
        'regressor__min_samples_leaf': [1, 4],
        'regressor__max_features': ['sqrt', 'log2']
    }
]
[-0.08568518 -0.08538229 -0.08533195 -0.08540857 -0.0856691  -0.08534577
 -0.08485616 -0.08460029 -0.08480042 -0.08471844 -0.08476405 -0.08489157
 -0.08498271 -0.08527104 -0.08496562 -0.0851036  -0.08509654 -0.08485168
 -0.08468574 -0.08471411 -0.08471692 -0.0846902  -0.08472733 -0.0845878
 -0.08549471 -0.08518696 -0.08537229 -0.08551704 -0.08522692 -0.08546021
 -0.08478263 -0.08490627 -0.08482279 -0.08502396 -0.08490265 -0.08475278
 -0.08496908 -0.08488912 -0.08496386 -0.08513837 -0.08498526 -0.08508434
 -0.08453835 -0.08481568 -0.08447662 -0.08477958 -0.0844875  -0.08445752]
[0.04502566 0.04479778 0.0451264  0.04474254 0.04487973 0.04472011
 0.0449135  0.04514693 0.04512672 0.04506022 0.04521133 0.04520104
 0.04578945 0.04543126 0.04551978 0.04568288 0.04591462 0.04544589
 0.0461921  0.04590173 0.04591258 0.04597179 0.04589362 0.04602199
 0.04507172 0.04483981 0.04485819 0.04484545 0.04490567 0.04490287
 0.04520914 0.04525704 0.04516211 0.04527831 0.0453445  0.04514097
 0.0454959  0.04561094 0.04555322 0.04555537 0.0455639  0.04540323
 0.04594826 0.04600419 0.04613794 0.04612403 0.04573958 0.0461461 ]
[48 42 39 43 47 40 21  6 17 11 14 23 29 38 27 34 33 20  7  9 10  8 12  5
 45 36 41 46 37 44 16 25 19 31 24 13 28 22 26 35 30 32  4 18  2 15  3  1]
mdts_cos
[
    {
        'regressor__n_estimators': [400, 500, 600],
        'regressor__max_depth': [None, 20],
        'regressor__min_samples_split': [2, 10],
        'regressor__min_samples_leaf': [1, 4],
        'regressor__max_features': ['sqrt', 'log2']
    }
]
[-0.10126705 -0.10064842 -0.10064889 -0.10096104 -0.10096064 -0.10076127
 -0.09940738 -0.09939017 -0.09915348 -0.09978496 -0.09935281 -0.09910495
 -0.10042961 -0.10073506 -0.1003138  -0.10026699 -0.10014769 -0.09997448
 -0.0988506  -0.09850254 -0.09871511 -0.09871309 -0.09879339 -0.09854539
 -0.10099955 -0.10080559 -0.10065259 -0.10141669 -0.10081211 -0.10061559
 -0.09916095 -0.09955172 -0.09916389 -0.09910547 -0.09922127 -0.09948768
 -0.10070238 -0.10086329 -0.10056945 -0.10033263 -0.1003563  -0.10069488
 -0.09850983 -0.09879096 -0.09886758 -0.09868652 -0.09871452 -0.09851157]
[0.04533564 0.04467829 0.04481716 0.04522781 0.04529857 0.04495811
 0.04461581 0.04482717 0.04458041 0.04505972 0.04478114 0.04441627
 0.04497785 0.04531037 0.04508504 0.04535873 0.04512161 0.04493686
 0.0447285  0.04439701 0.04455394 0.04434428 0.04481348 0.04469946
 0.04497333 0.04491662 0.04479035 0.04590263 0.04495317 0.0452358
 0.04420756 0.04484233 0.04440099 0.04456116 0.04448143 0.04492727
 0.04543975 0.0452494  0.04545852 0.04533942 0.04562653 0.04560012
 0.04450947 0.0446944  0.04469079 0.04469396 0.04466847 0.04452255]
[47 34 35 45 44 40 21 20 15 24 19 13 31 39 28 27 26 25 11  1  8  6 10  4
 46 41 36 48 42 33 16 23 17 14 18 22 38 43 32 29 30 37  2  9 12  5  7  3]
shts_max
[
    {
        'regressor__n_estimators': [400, 500, 600],
        'regressor__max_depth': [None, 20],
        'regressor__min_samples_split': [2, 10],
        'regressor__min_samples_leaf': [1, 4],
        'regressor__max_features': ['sqrt', 'log2']
    }
]
[-0.54838204 -0.54861468 -0.54807016 -0.54720493 -0.54869605 -0.54726355
 -0.54315611 -0.54137869 -0.54169211 -0.54233203 -0.5421726  -0.54209248
 -0.5482544  -0.54869718 -0.54955838 -0.54785721 -0.54890892 -0.54891476
 -0.54355435 -0.54361706 -0.54409176 -0.54348641 -0.54264681 -0.54400716
 -0.54844032 -0.54775759 -0.54771051 -0.54696306 -0.54683054 -0.54715103
 -0.54224485 -0.5414509  -0.54189564 -0.54196719 -0.5412387  -0.54197797
 -0.54915498 -0.54933033 -0.54976971 -0.54827471 -0.54923846 -0.54744462
 -0.543714   -0.54393684 -0.54257495 -0.54434818 -0.54342921 -0.54290459]
[0.14732733 0.14733329 0.14731712 0.14736677 0.1477852  0.14656006
 0.14672819 0.14529382 0.14692517 0.14713311 0.14596581 0.14551186
 0.1508098  0.15072058 0.15060017 0.15073709 0.15063007 0.15102708
 0.1499681  0.15004583 0.15030452 0.15010099 0.14883484 0.14999376
 0.1480077  0.14673333 0.14739246 0.14751987 0.14726115 0.14661861
 0.14645917 0.1465719  0.14575471 0.1464944  0.14565548 0.14563559
 0.15213328 0.1518236  0.15187132 0.1520946  0.15147021 0.15024052
 0.14938867 0.15010335 0.15000565 0.15010726 0.15041538 0.15010867]
[37 39 34 28 40 29 15  2  4 11  9  8 35 41 47 33 42 43 18 19 23 17 13 22
 38 32 31 26 25 27 10  3  5  6  1  7 44 46 48 36 45 30 20 21 12 24 16 14]
shts_med
[
    {
        'regressor__n_estimators': [400, 500, 600],
        'regressor__max_depth': [None, 20],
        'regressor__min_samples_split': [2, 10],
        'regressor__min_samples_leaf': [1, 4],
        'regressor__max_features': ['sqrt', 'log2']
    }
]
[-0.48603211 -0.48587816 -0.48575503 -0.48481824 -0.48626687 -0.48572916
 -0.48321218 -0.48285017 -0.48262169 -0.48351059 -0.48295566 -0.48246882
 -0.48901475 -0.48811313 -0.48807032 -0.4873311  -0.48708764 -0.48792951
 -0.48446679 -0.48392802 -0.48326789 -0.48491515 -0.48417084 -0.484067
 -0.48551135 -0.48608366 -0.48609448 -0.48471441 -0.48534872 -0.485713
 -0.48214798 -0.48293349 -0.48247452 -0.48273503 -0.48226037 -0.48293972
 -0.48867304 -0.48652523 -0.48809949 -0.48659591 -0.48833518 -0.48789608
 -0.48438225 -0.48422605 -0.48405548 -0.48445613 -0.48439573 -0.48455237]
[0.11270455 0.11173117 0.11235142 0.11280118 0.11285439 0.11232149
 0.11152595 0.11049492 0.11114186 0.11037413 0.11129746 0.11082502
 0.11494735 0.11322663 0.11292899 0.11326527 0.11420541 0.11385904
 0.11233756 0.1112682  0.11279279 0.11289132 0.11216204 0.11189324
 0.11190364 0.11243235 0.11263767 0.11196043 0.11276546 0.11320326
 0.11101269 0.11149507 0.11082431 0.11077144 0.11100697 0.11129329
 0.11477654 0.11295022 0.11426363 0.11394269 0.11411756 0.11385754
 0.11217982 0.11229201 0.11219762 0.111936   0.11238433 0.11267049]
[33 32 31 25 36 30 11  7  5 13 10  3 48 45 43 40 39 42 22 14 12 26 17 16
 28 34 35 24 27 29  1  8  4  6  2  9 47 37 44 38 46 41 19 18 15 21 20 23]

*****************************************************************************
*                                                                           *
*                    JOB EFFICIENCY REPORT (seff 13086307)                   *
*                                                                           *
*****************************************************************************

Job ID: 13086307
Cluster: finisterrae3
User/Group: curso342/ulc
State: COMPLETED (exit code 0)
Nodes: 1
Cores per node: 32
CPU Utilized: 2-02:29:49
CPU Efficiency: 91.97% of 2-06:54:24 core-walltime
Job Wall-clock time: 01:42:57
Memory Utilized: 9.16 GB
Memory Efficiency: 57.27% of 16.00 GB

 +++++++++++++++++++++++++++++++++++++++++++++++++++++++++++++++++++++++++++
 ++   Memory Efficiency is too small. Please review the requested memory. ++
 ++ It seems that you do not need that much memory so we recommend        ++
 ++ requesting less memory in other similar jobs.                         ++
 +++++++++++++++++++++++++++++++++++++++++++++++++++++++++++++++++++++++++++
 
*****************************************************************************

