slurmstepd: info: Setting TMPDIR to /scratch/13087675. Previous errors about TMPDIR can be discarded
dwi_sin
[{'scaler': [None, StandardScaler()], 'regressor__hidden_layers': [(30, 10)], 'regressor__activation': [<class 'torch.nn.modules.activation.ReLU'>, <class 'torch.nn.modules.activation.Tanh'>, <class 'torch.nn.modules.activation.Sigmoid'>], 'regressor__lr': [0.0005, 0.001, 0.01], 'regressor__epochs': [50, 100], 'regressor__batch_size': [16, 32]}]
[-0.47379052 -0.4929487  -0.47314162 -0.51428458 -0.47859751 -0.51126202
 -0.48346572 -0.51225225 -0.488715   -0.5114566  -0.47633452 -0.50188065
 -0.47130522 -0.48785569 -0.47443404 -0.49614787 -0.4757591  -0.49488794
 -0.47920102 -0.50127753 -0.48289438 -0.51866388 -0.47740303 -0.50704851
 -0.47341856 -0.50365412 -0.48005683 -0.51241159 -0.48436782 -0.50916478
 -0.48407829 -0.51693275 -0.49626947 -0.53301265 -0.4928965  -0.52395919
 -0.47265185 -0.49448621 -0.47954312 -0.50484686 -0.48916116 -0.52349956
 -0.47861151 -0.50954217 -0.49261033 -0.52655546 -0.50244963 -0.52085979
 -0.46089742 -0.46987367 -0.46465419 -0.48119323 -0.48337349 -0.50246296
 -0.46528701 -0.48250172 -0.47035551 -0.49923974 -0.48813464 -0.52174523
 -0.46193598 -0.46739064 -0.46191179 -0.47535314 -0.47693371 -0.50261534
 -0.4629043  -0.47585065 -0.46748096 -0.49372355 -0.49282252 -0.53317914]
[0.05507725 0.06586109 0.0521548  0.06753036 0.06646112 0.05902493
 0.05742881 0.06260392 0.04946917 0.06692579 0.0565371  0.06956089
 0.06038017 0.06643855 0.05854719 0.05487393 0.04823834 0.05967828
 0.05406662 0.07715565 0.05271703 0.07249396 0.06127994 0.06351077
 0.05806617 0.066541   0.05445062 0.06402676 0.04920077 0.06199536
 0.05600391 0.06623242 0.05007448 0.06106355 0.04987691 0.06140437
 0.05267927 0.06386871 0.05505597 0.06328202 0.05165534 0.06189743
 0.05475893 0.06354792 0.04756331 0.06501075 0.05896412 0.05824218
 0.05709412 0.0632395  0.05645855 0.06004823 0.05612035 0.05988511
 0.05688818 0.06262575 0.05777104 0.06969116 0.05121166 0.07416683
 0.05553286 0.05883536 0.05611367 0.06115704 0.05851359 0.0714862
 0.0559276  0.06115621 0.05777232 0.06217095 0.04894007 0.06757785]
[15 42 13 63 23 59 32 61 37 60 20 50 11 35 16 46 18 45 25 49 30 65 22 56
 14 54 27 62 34 57 33 64 47 71 41 69 12 44 26 55 38 68 24 58 39 70 51 66
  1  9  5 28 31 52  6 29 10 48 36 67  3  7  2 17 21 53  4 19  8 43 40 72]
dwi_cos
[{'scaler': [None, StandardScaler()], 'regressor__hidden_layers': [(30, 10)], 'regressor__activation': [<class 'torch.nn.modules.activation.ReLU'>, <class 'torch.nn.modules.activation.Tanh'>, <class 'torch.nn.modules.activation.Sigmoid'>], 'regressor__lr': [0.0005, 0.001, 0.01], 'regressor__epochs': [50, 100], 'regressor__batch_size': [16, 32]}]
[-0.43076388 -0.442437   -0.43343832 -0.45190175 -0.424384   -0.44468577
 -0.43500841 -0.45359422 -0.44068049 -0.44955    -0.43498422 -0.4547248
 -0.42900029 -0.4335321  -0.42389523 -0.43618155 -0.43023797 -0.44391501
 -0.42894327 -0.44092247 -0.43068904 -0.458696   -0.43483768 -0.45954629
 -0.43077004 -0.44376808 -0.43407189 -0.45628893 -0.44482218 -0.45313214
 -0.44022181 -0.46119089 -0.44302495 -0.47792316 -0.44398186 -0.45781023
 -0.42996114 -0.4344667  -0.43981133 -0.45650422 -0.44492526 -0.45796531
 -0.43446605 -0.45830051 -0.4518677  -0.45858919 -0.46697104 -0.46415993
 -0.4176349  -0.42218579 -0.4218889  -0.42866092 -0.44322021 -0.4585521
 -0.42668143 -0.43763347 -0.42689518 -0.44554074 -0.44715986 -0.46899488
 -0.41548932 -0.41351437 -0.42068143 -0.42122745 -0.43059363 -0.44661523
 -0.42337862 -0.42782445 -0.42756772 -0.44268213 -0.45574929 -0.46040622]
[0.04036528 0.03262912 0.04489672 0.02728521 0.03879625 0.03521165
 0.03540402 0.03393797 0.04449275 0.03357483 0.03530894 0.04489308
 0.04598081 0.02825103 0.03411002 0.02342476 0.0430199  0.04392897
 0.03899331 0.03542853 0.03643931 0.03734506 0.04256624 0.04298197
 0.03701349 0.03221581 0.03933573 0.04067861 0.03854967 0.03820263
 0.03877621 0.02949364 0.03530199 0.04095066 0.0337528  0.03241952
 0.03557775 0.04029961 0.0443706  0.0327012  0.04625289 0.03700644
 0.03701794 0.03134241 0.03871835 0.03276168 0.0391201  0.02967093
 0.03645876 0.03763352 0.03517694 0.04207189 0.0438499  0.03569305
 0.03898475 0.03277949 0.03615113 0.03919725 0.0361668  0.03645758
 0.03541058 0.03904742 0.03899312 0.03788169 0.03508419 0.03682037
 0.03668433 0.03205913 0.03368415 0.0392628  0.0460493  0.04225258]
[22 38 24 53 10 45 31 55 36 51 30 56 17 25  9 32 19 43 16 37 21 65 29 66
 23 42 26 58 46 54 35 68 40 72 44 60 18 28 34 59 47 61 27 62 52 64 70 69
  3  7  6 15 41 63 11 33 12 48 50 71  2  1  4  5 20 49  8 14 13 39 57 67]
wind_max
[{'scaler': [None, StandardScaler()], 'regressor__hidden_layers': [(30, 10)], 'regressor__activation': [<class 'torch.nn.modules.activation.ReLU'>, <class 'torch.nn.modules.activation.Tanh'>, <class 'torch.nn.modules.activation.Sigmoid'>], 'regressor__lr': [0.0005, 0.001, 0.01], 'regressor__epochs': [50, 100], 'regressor__batch_size': [16, 32]}]
[-2.37789367 -2.43692515 -2.37279206 -2.44322165 -2.33813167 -2.46770772
 -2.40920577 -2.44294881 -2.36969673 -2.51525985 -2.40275518 -2.52331165
 -2.38996038 -2.41444018 -2.37998807 -2.44095458 -2.36304688 -2.50507852
 -2.38655287 -2.43154369 -2.36520384 -2.54072376 -2.37599891 -2.5021049
 -2.40393581 -2.55198933 -2.42336318 -2.68953731 -2.48066117 -2.61865565
 -2.44491954 -2.64764208 -2.5038387  -2.67788156 -2.51844831 -2.66639689
 -2.42948544 -2.56787237 -2.41885605 -2.6407312  -2.46614591 -2.70201912
 -2.41200428 -2.62506278 -2.48629636 -2.68422456 -2.50362504 -2.76967892
 -2.32694335 -2.38770471 -2.35413561 -2.42733993 -2.4390402  -2.62589763
 -2.33451579 -2.4237728  -2.34669456 -2.47552519 -2.45664586 -2.63007002
 -2.42002797 -2.4617171  -2.3350512  -2.38991904 -2.4237953  -2.57379187
 -2.33422998 -2.39907578 -2.35693696 -2.45936885 -2.49348388 -2.57858715]
[0.39861387 0.36534144 0.40746247 0.35328887 0.39588648 0.47244128
 0.43164898 0.36592837 0.36443411 0.34495864 0.42317424 0.37335732
 0.39097095 0.35379835 0.38721636 0.36467322 0.4387994  0.41130732
 0.39315747 0.37409958 0.39098535 0.37602318 0.43241338 0.31708582
 0.42200215 0.36648838 0.44272945 0.34891578 0.44791932 0.36539473
 0.44459046 0.34212122 0.39993024 0.31629514 0.39910916 0.37102206
 0.48091332 0.38227259 0.40973989 0.38860743 0.43518665 0.34449155
 0.42708446 0.36911309 0.41938348 0.35304505 0.46240152 0.39378351
 0.41982367 0.35696076 0.41619902 0.358265   0.41562327 0.36964369
 0.4136137  0.3672274  0.38851427 0.35704037 0.4081166  0.31315064
 0.5561351  0.49266651 0.42385376 0.38884651 0.38277875 0.39219603
 0.41709162 0.37037123 0.40930353 0.34510752 0.41866177 0.41335586]
[14 34 12 38  5 44 23 37 11 53 21 55 19 25 15 36  9 52 16 33 10 56 13 49
 22 57 28 70 46 61 39 66 51 68 54 67 32 58 26 65 43 71 24 62 47 69 50 72
  1 17  7 31 35 63  3 29  6 45 40 64 27 42  4 18 30 59  2 20  8 41 48 60]
wind_med
[{'scaler': [None, StandardScaler()], 'regressor__hidden_layers': [(30, 10)], 'regressor__activation': [<class 'torch.nn.modules.activation.ReLU'>, <class 'torch.nn.modules.activation.Tanh'>, <class 'torch.nn.modules.activation.Sigmoid'>], 'regressor__lr': [0.0005, 0.001, 0.01], 'regressor__epochs': [50, 100], 'regressor__batch_size': [16, 32]}]
[-2.04337891 -2.0951245  -2.06735495 -2.17226855 -2.06531243 -2.12051756
 -2.07856767 -2.1512875  -2.07654057 -2.14818908 -2.09050549 -2.24505993
 -2.04597095 -2.09429753 -2.04543875 -2.11167395 -2.09712853 -2.12838152
 -2.05701893 -2.10008512 -2.08621528 -2.16968644 -2.12900609 -2.18349064
 -2.11257016 -2.22500194 -2.14672289 -2.28368668 -2.16779055 -2.33827092
 -2.13146271 -2.2608988  -2.22797747 -2.34817153 -2.19712344 -2.32661651
 -2.09210347 -2.18473927 -2.11592554 -2.29620456 -2.18365539 -2.33982697
 -2.12846236 -2.28185411 -2.17667793 -2.31795785 -2.17273521 -2.40460313
 -2.03277253 -2.0681554  -2.05171285 -2.07046866 -2.13668705 -2.22241145
 -2.0434032  -2.11141448 -2.06748352 -2.14223664 -2.1809874  -2.28864817
 -2.04977424 -2.11230832 -2.03342861 -2.07104071 -2.13236494 -2.19700194
 -2.04039365 -2.07892993 -2.05579248 -2.10878575 -2.15571803 -2.29610894]
[0.42158477 0.38815599 0.41896288 0.36959346 0.42208554 0.38005626
 0.41797625 0.43082969 0.44123228 0.38386562 0.4332422  0.39622131
 0.42657873 0.38771587 0.43949124 0.43664539 0.42409092 0.41266161
 0.41103143 0.37940421 0.41490873 0.36633293 0.4670018  0.40586732
 0.45318644 0.35414914 0.42998646 0.39262792 0.45539627 0.38814474
 0.45864351 0.40342266 0.44768091 0.38026579 0.40875416 0.42035818
 0.42755708 0.42589392 0.41461437 0.43814562 0.42168761 0.34467739
 0.43464121 0.36869344 0.44264646 0.36637597 0.42228633 0.39844286
 0.44351528 0.40076927 0.43768249 0.35791761 0.43565591 0.3964663
 0.41081166 0.36843093 0.4262809  0.41031943 0.45473282 0.42740092
 0.47212606 0.42898731 0.45498673 0.38424649 0.4669442  0.36158324
 0.42848306 0.37585977 0.43405619 0.3846994  0.43067925 0.40054436]
[ 4 25 13 48 12 34 19 44 18 43 22 60  7 24  6 30 26 35 11 27 21 47 37 52
 32 58 42 63 46 69 38 61 59 71 56 68 23 54 33 66 53 70 36 62 50 67 49 72
  1 15  9 16 40 57  5 29 14 41 51 64  8 31  2 17 39 55  3 20 10 28 45 65]
shww_max
[{'scaler': [None, StandardScaler()], 'regressor__hidden_layers': [(30, 10)], 'regressor__activation': [<class 'torch.nn.modules.activation.ReLU'>, <class 'torch.nn.modules.activation.Tanh'>, <class 'torch.nn.modules.activation.Sigmoid'>], 'regressor__lr': [0.0005, 0.001, 0.01], 'regressor__epochs': [50, 100], 'regressor__batch_size': [16, 32]}]
[-0.92106975 -0.96252137 -0.94253412 -0.97498944 -0.99042459 -1.00138232
 -0.97117564 -0.98920966 -0.97171058 -1.02605042 -0.97874183 -1.06021193
 -0.91254268 -0.93159481 -0.91127197 -0.94945652 -0.94826858 -1.00750915
 -0.94276977 -0.97079212 -0.95420216 -1.00618825 -1.00586761 -1.06692321
 -0.9444447  -1.00818416 -0.98857118 -1.04338337 -1.01617509 -1.10532221
 -0.99102889 -1.06260508 -1.00986842 -1.0559421  -1.02311779 -1.08931614
 -0.9544749  -0.98332804 -0.95575493 -1.00674298 -1.00477466 -1.07622569
 -0.96301114 -1.03956246 -1.00750407 -1.04389119 -1.03204225 -1.07641131
 -0.89836675 -0.91855303 -0.92522969 -0.93824342 -0.96465043 -1.01252468
 -0.90421723 -0.93410482 -0.93151117 -0.97044257 -0.98698953 -1.02783646
 -0.90595383 -0.90547447 -0.91424077 -0.91653363 -0.98150206 -1.01203085
 -0.89767897 -0.91846463 -0.93602108 -0.96145344 -0.96240791 -1.03535769]
[0.38946301 0.36994783 0.39236139 0.381127   0.48972302 0.39536822
 0.3924514  0.43382206 0.40424273 0.44206046 0.42629395 0.44389603
 0.38953217 0.39141029 0.3931983  0.39088699 0.40793228 0.40512534
 0.39767087 0.38602007 0.4036657  0.40913829 0.48808209 0.43429393
 0.37757355 0.35769006 0.39395403 0.37293133 0.42446899 0.40119145
 0.39458593 0.38656906 0.40089502 0.3553788  0.41020042 0.40261573
 0.38266081 0.34614332 0.37004856 0.37375035 0.40044291 0.34380492
 0.38844601 0.37349307 0.40376105 0.36279843 0.44013315 0.37266637
 0.3798238  0.38712521 0.41377777 0.3924627  0.4039113  0.43090069
 0.39002632 0.36739663 0.40951339 0.43471189 0.42723591 0.44913973
 0.40449372 0.35927289 0.40442972 0.35763492 0.45468644 0.44144473
 0.38387524 0.39229809 0.43463935 0.40728198 0.42126298 0.43476299]
[12 29 19 36 43 45 34 42 35 58 37 66  7 15  6 23 22 51 20 33 24 48 47 68
 21 52 41 63 56 72 44 67 53 65 57 71 25 39 26 49 46 69 30 62 50 64 60 70
  2 11 13 18 31 55  3 16 14 32 40 59  5  4  8  9 38 54  1 10 17 27 28 61]
shww_med
[{'scaler': [None, StandardScaler()], 'regressor__hidden_layers': [(30, 10)], 'regressor__activation': [<class 'torch.nn.modules.activation.ReLU'>, <class 'torch.nn.modules.activation.Tanh'>, <class 'torch.nn.modules.activation.Sigmoid'>], 'regressor__lr': [0.0005, 0.001, 0.01], 'regressor__epochs': [50, 100], 'regressor__batch_size': [16, 32]}]
[-0.70085236 -0.72588375 -0.72407242 -0.7546749  -0.78336204 -0.73356984
 -0.73225923 -0.75776496 -0.742217   -0.76375489 -0.85870227 -0.79005229
 -0.69210197 -0.70685706 -0.70498285 -0.72523388 -0.72896403 -0.76545977
 -0.70723581 -0.72217117 -0.71199402 -0.77677849 -0.74950973 -0.80061678
 -0.72339973 -0.76748447 -0.72765901 -0.78321252 -0.76923573 -0.7914611
 -0.74344885 -0.79210069 -0.76484328 -0.83401566 -0.77723389 -0.80137944
 -0.72562573 -0.75783581 -0.70906058 -0.76286796 -0.75696594 -0.78461262
 -0.72713286 -0.7721176  -0.74119157 -0.82962188 -0.77463881 -0.8141027
 -0.67968076 -0.6834703  -0.70022004 -0.70056167 -0.72590484 -0.77549108
 -0.70034533 -0.7164815  -0.72129412 -0.73649443 -0.77104356 -0.7598341
 -0.67895957 -0.68596601 -0.69215168 -0.69336874 -0.78537818 -0.77075889
 -0.69205632 -0.6959703  -0.70968281 -0.73580584 -0.75267238 -0.76836865]
[0.32375372 0.34536943 0.34868215 0.35681049 0.39353    0.33097385
 0.34860794 0.36025351 0.37836325 0.36374762 0.66901169 0.38028198
 0.32280733 0.31885852 0.32478158 0.34743083 0.34723536 0.35288209
 0.32884825 0.33409124 0.34214075 0.36550991 0.32101188 0.31741253
 0.3292793  0.30207342 0.32425866 0.30113335 0.34145606 0.31448769
 0.33758195 0.29971016 0.34322856 0.30589715 0.3275397  0.32337515
 0.32515396 0.31156147 0.30400452 0.29995532 0.32669215 0.30739918
 0.32623447 0.30604403 0.32934291 0.34156727 0.35283378 0.30919101
 0.31756958 0.31104039 0.34744587 0.32416334 0.36215821 0.42231417
 0.3432449  0.31279679 0.36090923 0.34625704 0.40265842 0.37073374
 0.31833871 0.30846291 0.33770412 0.31053694 0.40484607 0.36255101
 0.32434099 0.30714165 0.3504731  0.35395872 0.37444873 0.3494957 ]
[13 27 24 41 61 33 32 43 37 47 72 64  6 15 14 25 31 49 16 22 19 58 39 67
 23 50 30 60 52 65 38 66 48 71 59 68 26 44 17 46 42 62 29 55 36 70 56 69
  2  3 10 12 28 57 11 20 21 35 54 45  1  4  7  8 63 53  5  9 18 34 40 51]
mdts_sin
[{'scaler': [None, StandardScaler()], 'regressor__hidden_layers': [(30, 10)], 'regressor__activation': [<class 'torch.nn.modules.activation.ReLU'>, <class 'torch.nn.modules.activation.Tanh'>, <class 'torch.nn.modules.activation.Sigmoid'>], 'regressor__lr': [0.0005, 0.001, 0.01], 'regressor__epochs': [50, 100], 'regressor__batch_size': [16, 32]}]
[-0.099418   -0.09754246 -0.09616385 -0.09294746 -0.09470666 -0.09721446
 -0.09663129 -0.09598502 -0.09971162 -0.09765179 -0.09194303 -0.10011493
 -0.10089336 -0.09409269 -0.09988909 -0.09903404 -0.09716482 -0.09533963
 -0.09880544 -0.09489233 -0.10114372 -0.0975207  -0.09182081 -0.10159889
 -0.09865864 -0.09608863 -0.10023352 -0.09506021 -0.09883806 -0.09983694
 -0.09830268 -0.09674579 -0.1038108  -0.09864021 -0.1054586  -0.09629344
 -0.09787781 -0.0926406  -0.09877433 -0.09634845 -0.09865586 -0.09544595
 -0.09963049 -0.0955802  -0.09925038 -0.09774842 -0.10040243 -0.10441571
 -0.09350986 -0.09012367 -0.09752748 -0.09260407 -0.09583708 -0.09384517
 -0.0964866  -0.09245397 -0.09606326 -0.09259914 -0.10123499 -0.09575039
 -0.09273912 -0.08988378 -0.09466966 -0.09329846 -0.10299638 -0.09067539
 -0.09463901 -0.09080551 -0.09670235 -0.09564472 -0.10250382 -0.09947533]
[0.05001744 0.04530362 0.05424547 0.04258461 0.05517105 0.0444494
 0.04872392 0.0463595  0.04908255 0.04458038 0.05404337 0.04639621
 0.05135635 0.04125212 0.05440502 0.04201196 0.05477391 0.04204543
 0.04601843 0.0432051  0.05062343 0.04816414 0.05496237 0.04143618
 0.04824255 0.04394168 0.05068675 0.0404256  0.04932577 0.04267159
 0.04994982 0.03821714 0.04674413 0.04511828 0.04489882 0.04314206
 0.04994911 0.03924793 0.0519611  0.04405342 0.05207999 0.04985038
 0.04932737 0.04049207 0.04857121 0.04312494 0.05090327 0.03996754
 0.05295031 0.04582484 0.05349717 0.04233511 0.05416059 0.04758964
 0.05245352 0.04390627 0.04950851 0.04441761 0.05083096 0.04479918
 0.05333685 0.04831729 0.05237064 0.04557346 0.05538483 0.04375142
 0.05310688 0.04393003 0.05237995 0.0467366  0.05092431 0.04522023]
[55 42 31 12 19 39 35 28 58 43  6 61 64 16 60 53 38 22 51 20 65 40  5 67
 49 30 62 21 52 59 46 37 70 47 72 32 45 10 50 33 48 23 57 24 54 44 63 71
 14  2 41  9 27 15 34  7 29  8 66 26 11  1 18 13 69  3 17  4 36 25 68 56]
mdts_cos
[{'scaler': [None, StandardScaler()], 'regressor__hidden_layers': [(30, 10)], 'regressor__activation': [<class 'torch.nn.modules.activation.ReLU'>, <class 'torch.nn.modules.activation.Tanh'>, <class 'torch.nn.modules.activation.Sigmoid'>], 'regressor__lr': [0.0005, 0.001, 0.01], 'regressor__epochs': [50, 100], 'regressor__batch_size': [16, 32]}]
[-0.10859027 -0.10917447 -0.10930754 -0.10538465 -0.10229152 -0.12133275
 -0.10911045 -0.11546356 -0.11105133 -0.11434239 -0.10591055 -0.10124442
 -0.10915022 -0.10677981 -0.11182345 -0.11323129 -0.10760849 -0.10446142
 -0.11494174 -0.11238009 -0.12001386 -0.11134898 -0.10726462 -0.10548539
 -0.11080324 -0.11369035 -0.11081016 -0.11717467 -0.12256232 -0.11686289
 -0.11387524 -0.11368884 -0.11853123 -0.12528833 -0.11858831 -0.11701439
 -0.10897546 -0.10575    -0.11318526 -0.10770173 -0.1158267  -0.11513541
 -0.11364605 -0.10931672 -0.11476556 -0.11795506 -0.12119418 -0.11657421
 -0.10443498 -0.10093217 -0.10767256 -0.10772096 -0.12605937 -0.11337993
 -0.11042956 -0.10454656 -0.1129862  -0.11061434 -0.12730904 -0.12061941
 -0.10558089 -0.09874316 -0.10711366 -0.10265196 -0.12051229 -0.11415207
 -0.10694586 -0.10254873 -0.11211032 -0.10827104 -0.12597891 -0.11935227]
[0.04151249 0.03921168 0.04411433 0.03809259 0.04677772 0.06471905
 0.03996015 0.03765818 0.04385426 0.03958843 0.04679564 0.03870471
 0.04124584 0.03610727 0.04455106 0.0418126  0.0479309  0.03766812
 0.04063408 0.04026675 0.04092335 0.0392036  0.04596012 0.04272063
 0.04206081 0.04157694 0.04464714 0.04303156 0.04047917 0.04153147
 0.04161579 0.0384127  0.04035657 0.03916788 0.04374744 0.03899953
 0.04401187 0.0381193  0.04421494 0.03589788 0.04314063 0.0395156
 0.04260693 0.03764023 0.0434991  0.03981477 0.04449057 0.03422034
 0.04581213 0.03783855 0.04480181 0.0379809  0.04522956 0.03877133
 0.04528438 0.03816199 0.04400725 0.03763705 0.03831198 0.04316325
 0.04728573 0.03835549 0.04652398 0.04053629 0.03800257 0.04197139
 0.0447533  0.03803819 0.04295604 0.04032402 0.043124   0.04302444]
[24 28 29 10  4 67 26 53 35 49 14  3 27 15 37 42 19  8 51 39 63 36 18 11
 33 46 34 58 68 56 47 45 60 69 61 57 25 13 41 21 54 52 44 30 50 59 66 55
  7  2 20 22 71 43 31  9 40 32 72 65 12  1 17  6 64 48 16  5 38 23 70 62]
shts_max
[{'scaler': [None, StandardScaler()], 'regressor__hidden_layers': [(30, 10)], 'regressor__activation': [<class 'torch.nn.modules.activation.ReLU'>, <class 'torch.nn.modules.activation.Tanh'>, <class 'torch.nn.modules.activation.Sigmoid'>], 'regressor__lr': [0.0005, 0.001, 0.01], 'regressor__epochs': [50, 100], 'regressor__batch_size': [16, 32]}]
[-0.56130124 -0.59089207 -0.5600746  -0.60155663 -0.5621753  -0.63252475
 -0.56954236 -0.59724343 -0.58052687 -0.62033378 -0.56363238 -0.6131349
 -0.568137   -0.58451793 -0.5596515  -0.59231887 -0.56644824 -0.60795388
 -0.5684243  -0.60418423 -0.57234978 -0.61159813 -0.55692325 -0.60132991
 -0.58427964 -0.61582844 -0.60518731 -0.63066386 -0.63355729 -0.6597182
 -0.5981936  -0.6443224  -0.60793147 -0.67175566 -0.64128209 -0.68025228
 -0.60425683 -0.60967659 -0.60129074 -0.62871606 -0.62742728 -0.6800633
 -0.59826039 -0.64192047 -0.60749734 -0.65270437 -0.64386139 -0.69395096
 -0.55912941 -0.56614986 -0.56039448 -0.58077234 -0.58608239 -0.62581853
 -0.55978408 -0.58366202 -0.56497    -0.59384696 -0.59578021 -0.64659181
 -0.55572635 -0.56527965 -0.56258814 -0.5745106  -0.58580786 -0.6102237
 -0.55596671 -0.57696208 -0.55994821 -0.58800561 -0.58908211 -0.6483234 ]
[0.14150558 0.13734529 0.15970996 0.159619   0.14205999 0.16688896
 0.15634716 0.13539636 0.17095939 0.16279294 0.18494929 0.17435712
 0.15452433 0.14971993 0.13987372 0.15525144 0.15561938 0.1791023
 0.15445577 0.15059112 0.16485441 0.14310879 0.16235164 0.16723714
 0.15306167 0.13332936 0.14314798 0.16699873 0.16218919 0.15575869
 0.17947452 0.15193797 0.17051986 0.1502355  0.16609867 0.17201965
 0.15008578 0.14692666 0.16918644 0.14259949 0.17702473 0.16501796
 0.16572247 0.14518249 0.15851445 0.16250417 0.18225091 0.16551222
 0.1432178  0.15176325 0.1502187  0.15371169 0.17338713 0.16207837
 0.15498078 0.1421377  0.17260014 0.15597065 0.18887417 0.18063017
 0.14605741 0.15664327 0.15349595 0.14287502 0.18655075 0.18117793
 0.15258153 0.14935355 0.15810788 0.14628391 0.18751637 0.17507567]
[10 33  8 42 11 59 20 37 24 54 13 52 18 28  5 34 17 48 19 43 21 51  3 41
 27 53 45 58 60 68 38 64 47 69 61 71 44 49 40 57 56 70 39 62 46 67 63 72
  4 16  9 25 30 55  6 26 14 35 36 65  1 15 12 22 29 50  2 23  7 31 32 66]
shts_med
[{'scaler': [None, StandardScaler()], 'regressor__hidden_layers': [(30, 10)], 'regressor__activation': [<class 'torch.nn.modules.activation.ReLU'>, <class 'torch.nn.modules.activation.Tanh'>, <class 'torch.nn.modules.activation.Sigmoid'>], 'regressor__lr': [0.0005, 0.001, 0.01], 'regressor__epochs': [50, 100], 'regressor__batch_size': [16, 32]}]
[-0.49901458 -0.53348831 -0.50128785 -0.52240817 -0.50076015 -0.52815876
 -0.50529129 -0.53723454 -0.5079278  -0.53258005 -0.49821096 -0.55407797
 -0.50159444 -0.52020745 -0.50712832 -0.53149376 -0.49052857 -0.53028141
 -0.50427275 -0.52785297 -0.50715577 -0.54468909 -0.50009279 -0.53671082
 -0.52016102 -0.54417401 -0.52474372 -0.56151343 -0.55776963 -0.60860844
 -0.52414451 -0.55687374 -0.53637244 -0.56607625 -0.55268091 -0.61001263
 -0.52661428 -0.53975372 -0.52399917 -0.55099158 -0.553182   -0.60099357
 -0.51916423 -0.56592161 -0.54858846 -0.56128539 -0.57600861 -0.60799755
 -0.49649073 -0.50128959 -0.50261773 -0.51877385 -0.53653934 -0.55382396
 -0.50645369 -0.52385652 -0.51204054 -0.53186955 -0.53205589 -0.56333313
 -0.49939966 -0.50271077 -0.4945841  -0.51453563 -0.51654701 -0.54089438
 -0.50041699 -0.51219993 -0.50236862 -0.52595311 -0.52432111 -0.5640845 ]
[0.11789934 0.13041443 0.12372234 0.11040733 0.12421676 0.11503606
 0.11947045 0.11464957 0.12889801 0.09995589 0.13221923 0.112166
 0.12004553 0.11260929 0.13782528 0.1150479  0.12622199 0.12921541
 0.11618204 0.10715751 0.12449778 0.11945284 0.12673784 0.12483658
 0.12647542 0.10304421 0.11483537 0.11270683 0.12481649 0.11767967
 0.12717285 0.10340787 0.12894874 0.11017172 0.13045931 0.10732635
 0.12890096 0.1049653  0.11041467 0.11800936 0.12170354 0.11550435
 0.12634381 0.11271646 0.13754451 0.10242224 0.13555929 0.11448028
 0.10892829 0.1095928  0.11763404 0.10804416 0.14216655 0.13201465
 0.12325402 0.11647267 0.12988565 0.1185546  0.13966337 0.1338439
 0.11282999 0.11319279 0.11693699 0.10829415 0.13926457 0.11528487
 0.11701198 0.11681216 0.12289786 0.12094159 0.12992997 0.12751481]
[ 5 45 10 30  9 39 17 49 21 44  4 59 12 29 19 41  1 40 16 38 20 53  7 48
 28 52 35 63 61 71 33 60 46 67 56 72 37 50 32 55 57 69 27 66 54 62 68 70
  3 11 14 26 47 58 18 31 22 42 43 64  6 15  2 24 25 51  8 23 13 36 34 65]

*****************************************************************************
*                                                                           *
*                    JOB EFFICIENCY REPORT (seff 13087675)                   *
*                                                                           *
*****************************************************************************

Job ID: 13087675
Cluster: finisterrae3
User/Group: curso342/ulc
State: COMPLETED (exit code 0)
Nodes: 1
Cores per node: 32
CPU Utilized: 3-22:29:42
CPU Efficiency: 96.77% of 4-01:38:40 core-walltime
Job Wall-clock time: 03:03:05
Memory Utilized: 15.78 GB
Memory Efficiency: 98.61% of 16.00 GB

*****************************************************************************

