slurmstepd: info: Setting TMPDIR to /scratch/7474944. Previous errors about TMPDIR can be discarded
dwi_sin
[
    {
        'regressor': [PytorchWrapper(epochs=30, hidden_layers=(15,), lr=0.01)],
        'pca': [None, PCA(n_components=0.99)],
        'scaler': [StandardScaler(), Normalizer()],
        'regressor__hidden_layers': [(5,), (10,), (15,)],
        'regressor__lr': [0.01, 0.05],
        'regressor__epochs': [30],
        'regressor__batch_size': [16, 32]
    },
    {
        'regressor': [MLPRegressor(early_stopping=True, max_iter=500)],
        'regressor__hidden_layer_sizes': [(100, 50), (100,), (10,), (30, 10)]
    },
    {'regressor': [SVR()], 'pca': [None, PCA(n_components=0.95)]}
]
[-0.54009694 -0.56891148 -0.61001044 -0.58675342 -0.54243127 -0.52592715
 -0.57716873 -0.56304271 -0.54048141 -0.52208724 -0.74079893 -0.53560619
 -0.54200315 -0.53083905 -0.58451005 -0.54398361 -0.53544577 -0.52208155
 -0.57873894 -0.54952291 -0.53952531 -0.52092522 -0.55973443 -0.55687801
 -0.54902085 -0.52191349 -0.5880594  -0.54396    -0.55293868 -0.53051152
 -0.59922333 -0.54008337 -0.55430849 -0.53654918 -0.56005233 -0.54711627
 -0.52980198 -0.52611488 -0.55092518 -0.5525512  -0.55850314 -0.53104465
 -0.56427457 -0.53003103 -0.56723946 -0.53911727 -0.56429396 -0.55158382
 -0.57131788 -0.57400116 -0.55960915 -0.56331575 -0.52776066 -0.52654594]
[0.0680842  0.09017947 0.07746848 0.09502872 0.06591925 0.06793313
 0.04832302 0.0828474  0.06199093 0.06935059 0.35519086 0.07066608
 0.06124047 0.05259086 0.07728895 0.0455194  0.0624362  0.06096801
 0.05290843 0.08989601 0.06993899 0.07110864 0.05442676 0.10263644
 0.06997523 0.0675693  0.0491717  0.06665674 0.07723435 0.06728036
 0.1021586  0.0652182  0.07790878 0.06995868 0.08599351 0.06049529
 0.06324009 0.06319803 0.05173334 0.08902844 0.05771009 0.06485541
 0.06049394 0.07301072 0.06499081 0.06989225 0.06841336 0.05640901
 0.06609463 0.07163978 0.06971422 0.05254625 0.08183505 0.08213148]
[20 44 53 50 23  5 47 39 21  4 54 15 22 12 49 25 14  3 48 28 18  1 37 34
 27  2 51 24 32 11 52 19 33 16 38 26  9  6 29 31 35 13 41 10 43 17 42 30
 45 46 36 40  8  7]
dwi_cos
[
    {
        'regressor': [PytorchWrapper(epochs=30, hidden_layers=(15,), lr=0.01)],
        'pca': [None, PCA(n_components=0.99)],
        'scaler': [StandardScaler(), Normalizer()],
        'regressor__hidden_layers': [(5,), (10,), (15,)],
        'regressor__lr': [0.01, 0.05],
        'regressor__epochs': [30],
        'regressor__batch_size': [16, 32]
    },
    {
        'regressor': [MLPRegressor(early_stopping=True, max_iter=500)],
        'regressor__hidden_layer_sizes': [(100, 50), (100,), (10,), (30, 10)]
    },
    {'regressor': [SVR()], 'pca': [None, PCA(n_components=0.95)]}
]
[-0.45245791 -0.45200891 -0.65038362 -0.46979108 -0.45929157 -0.44026746
 -0.50650291 -0.47136512 -0.45736525 -0.44333362 -0.50578706 -0.47990026
 -0.44689866 -0.44362009 -0.50320571 -0.4642808  -0.45229366 -0.44913792
 -0.46563212 -0.44401925 -0.45953513 -0.4366464  -0.46524519 -0.46552777
 -0.44999858 -0.4497918  -0.4753971  -0.47227146 -0.46232041 -0.44221582
 -0.48915679 -0.45845179 -0.45862612 -0.45214547 -0.48797758 -0.4499299
 -0.44330212 -0.44438803 -0.45445201 -0.45257935 -0.45222733 -0.4435074
 -0.45556188 -0.46537844 -0.45990804 -0.45014079 -0.45580626 -0.45029457
 -0.47842897 -0.4817263  -0.45932874 -0.46810738 -0.43451686 -0.43816982]
[0.05823939 0.06284552 0.33904279 0.05688149 0.08724167 0.04586786
 0.10012947 0.03720953 0.04574202 0.0541594  0.09962025 0.08086214
 0.04526338 0.04748677 0.0956664  0.06042443 0.04055756 0.05982982
 0.03045499 0.05664337 0.05952677 0.04902223 0.05322195 0.0764639
 0.05626204 0.04784655 0.06785873 0.06253761 0.0553489  0.03988231
 0.0599111  0.05369509 0.04594276 0.04660428 0.05769069 0.05211854
 0.04116616 0.04392797 0.0500479  0.03807726 0.05090029 0.04494651
 0.05809874 0.04301849 0.04989587 0.04010551 0.04773576 0.03559386
 0.04399681 0.04980738 0.04485561 0.04669712 0.04755449 0.04807128]
[23 19 54 42 31  4 53 43 28  7 52 47 12  9 51 36 22 13 40 10 33  2 37 39
 16 14 45 44 35  5 50 29 30 20 49 15  6 11 25 24 21  8 26 38 34 17 27 18
 46 48 32 41  1  3]
wind_max
[
    {
        'regressor': [PytorchWrapper(epochs=30, hidden_layers=(15,), lr=0.05)],
        'pca': [None, PCA(n_components=0.99)],
        'scaler': [StandardScaler(), Normalizer()],
        'regressor__hidden_layers': [(5,), (10,), (15,)],
        'regressor__lr': [0.01, 0.05],
        'regressor__epochs': [30],
        'regressor__batch_size': [16, 32]
    },
    {
        'regressor': [MLPRegressor(early_stopping=True, max_iter=500)],
        'regressor__hidden_layer_sizes': [(100, 50), (100,), (10,), (30, 10)]
    },
    {'regressor': [SVR()], 'pca': [None, PCA(n_components=0.95)]}
]
[-2.72249264 -2.8627573  -3.11472717 -2.68599057 -2.93721925 -2.62832654
 -2.96777928 -2.60842737 -2.72713605 -2.6367737  -3.12191148 -2.67191218
 -2.70932376 -2.61476103 -2.8176944  -2.71861411 -2.72764295 -2.67813405
 -2.74411441 -2.63076864 -2.73000707 -2.64536469 -2.74407123 -2.58126837
 -2.67914957 -2.6118056  -2.71713272 -2.64190796 -2.73215888 -2.62248976
 -2.89213459 -2.72038331 -2.82789548 -2.65734844 -2.83063958 -2.69170862
 -2.68301988 -2.60253929 -2.70654033 -2.59000268 -2.75952417 -2.61796776
 -2.73582682 -2.65120007 -2.76211179 -2.61537459 -2.78400774 -2.63770603
 -2.69010318 -2.68904062 -2.76263205 -2.71181109 -2.63834401 -2.6580262 ]
[0.49754708 1.16630256 0.63434072 0.54712815 0.58649871 0.52064454
 0.53311068 0.52073751 0.53651926 0.50918658 0.67192189 0.57386097
 0.55153524 0.53859827 0.73574225 0.54451831 0.53608248 0.55632429
 0.62966962 0.5842082  0.53852905 0.53656689 0.62035529 0.4850258
 0.50052049 0.53436491 0.54514079 0.51985812 0.55159472 0.53498914
 0.54501284 0.48929449 0.63058717 0.58135754 0.50599651 0.58250889
 0.52466287 0.505857   0.50914787 0.50195456 0.48729751 0.53686628
 0.47873123 0.50785803 0.52215415 0.50568796 0.55743852 0.50070602
 0.49935396 0.49482111 0.48142156 0.49261633 0.52414072 0.52350187]
[34 49 53 24 51 10 52  4 35 12 54 20 29  6 46 32 36 21 41 11 37 16 40  1
 22  5 31 15 38  9 50 33 47 18 48 27 23  3 28  2 42  8 39 17 43  7 45 13
 26 25 44 30 14 19]
wind_med
[
    {
        'regressor': [PytorchWrapper(epochs=30, hidden_layers=(10,), lr=0.01)],
        'pca': [None, PCA(n_components=0.99)],
        'scaler': [StandardScaler(), Normalizer()],
        'regressor__hidden_layers': [(5,), (10,), (15,)],
        'regressor__lr': [0.01, 0.05],
        'regressor__epochs': [30],
        'regressor__batch_size': [16, 32]
    },
    {
        'regressor': [MLPRegressor(early_stopping=True, max_iter=500)],
        'regressor__hidden_layer_sizes': [(100, 50), (100,), (10,), (30, 10)]
    },
    {'regressor': [SVR()], 'pca': [None, PCA(n_components=0.95)]}
]
[-2.34807921 -2.21443733 -2.4806638  -2.23631308 -2.3779498  -2.2211997
 -2.48396465 -2.25043012 -2.26860113 -2.22480285 -3.75313601 -2.27848691
 -2.247315   -2.23662361 -2.54493021 -2.39164727 -2.25333857 -2.23608288
 -2.50321461 -2.22194592 -2.31562393 -2.27612583 -2.37891641 -2.27998666
 -2.28770936 -2.21516692 -2.36037455 -2.25589528 -2.33597161 -2.21828627
 -2.334325   -2.31760609 -2.41164994 -2.2645545  -2.42328871 -2.3470094
 -2.25972969 -2.21780392 -2.3270071  -2.26474035 -2.33753019 -2.21288787
 -2.29494473 -2.30937943 -2.35004764 -2.24279296 -2.3675882  -2.30546822
 -2.25183633 -2.24356619 -2.32726242 -2.27419917 -2.23434005 -2.23572641]
[0.51386838 0.57606221 0.5205896  0.53430359 0.54869657 0.55633029
 0.55591991 0.54226657 0.5300075  0.55107296 3.41820174 0.63124253
 0.50925978 0.58524042 0.75077216 0.59427159 0.51680935 0.56043397
 0.62079003 0.53337762 0.53607827 0.54397746 0.82357393 0.51868066
 0.55157984 0.54851087 0.59547726 0.48054124 0.57436575 0.55630872
 0.60088556 0.63794532 0.60920867 0.52597044 0.88315453 0.53156758
 0.55232774 0.56291098 0.56201051 0.53059932 0.54138235 0.52775904
 0.54203519 0.51130856 0.54170285 0.53589829 0.54860149 0.5585327
 0.54912493 0.55032199 0.51518904 0.5393401  0.53358415 0.54512735]
[41  2 50 12 45  6 51 17 24  8 54 27 16 13 53 47 19 11 52  7 33 26 46 28
 29  3 43 20 38  5 37 34 48 22 49 40 21  4 35 23 39  1 30 32 42 14 44 31
 18 15 36 25  9 10]
shww_max
[
    {
        'regressor': [PytorchWrapper(epochs=30, hidden_layers=(10,), lr=0.01)],
        'pca': [None, PCA(n_components=0.99)],
        'scaler': [StandardScaler(), Normalizer()],
        'regressor__hidden_layers': [(5,), (10,), (15,)],
        'regressor__lr': [0.01, 0.05],
        'regressor__epochs': [30],
        'regressor__batch_size': [16, 32]
    },
    {
        'regressor': [MLPRegressor(early_stopping=True, max_iter=500)],
        'regressor__hidden_layer_sizes': [(100, 50), (100,), (10,), (30, 10)]
    },
    {'regressor': [SVR()], 'pca': [None, PCA(n_components=0.95)]}
]
[-1.02560746 -1.03686558 -1.22491616 -1.09445985 -1.13605611 -1.03563562
 -1.26353707 -1.0812924  -1.05425205 -1.05730674 -1.28432851 -1.09514113
 -1.03622837 -1.09664169 -1.18288637 -1.13353571 -1.04019006 -1.04248071
 -1.32798818 -1.07291275 -1.06310572 -1.04121472 -1.21860558 -1.06171991
 -1.04538049 -1.03188313 -1.12828961 -1.10912534 -1.09829803 -1.02928419
 -1.11716801 -1.09291977 -1.09964656 -1.05862959 -1.12303497 -1.08065522
 -1.04018972 -1.01551248 -1.0527906  -1.06683666 -1.06071157 -1.02102496
 -1.10112533 -1.0599912  -1.06695573 -1.03404453 -1.14316341 -1.05854337
 -1.0243249  -1.06135957 -1.0445847  -1.05703522 -1.0113649  -0.99961435]
[0.37808159 0.39174718 0.47291896 0.47097832 0.49248587 0.41452527
 0.56986261 0.44117936 0.46572501 0.42980301 0.47671552 0.42736211
 0.39396304 0.39387985 0.44551606 0.38746804 0.370866   0.39809304
 0.48264708 0.38638121 0.40004172 0.42124917 0.46535979 0.42697393
 0.40477731 0.4194204  0.50164347 0.42561992 0.42497703 0.41198422
 0.45109943 0.45705534 0.39253763 0.3980858  0.45775885 0.40760132
 0.40941439 0.42257891 0.42873848 0.40581314 0.37386168 0.42528986
 0.55337693 0.40553193 0.38366923 0.41909048 0.42353387 0.40568529
 0.40517172 0.36190173 0.37239197 0.40720385 0.42217952 0.41690554]
[ 6 12 51 36 47 10 52 34 20 22 53 37 11 38 49 46 14 16 54 32 29 15 50 28
 18  8 45 42 39  7 43 35 40 24 44 33 13  3 19 30 26  4 41 25 31  9 48 23
  5 27 17 21  2  1]
shww_med
[
    {
        'regressor': [PytorchWrapper(epochs=30, hidden_layers=(10,), lr=0.01)],
        'pca': [None, PCA(n_components=0.99)],
        'scaler': [StandardScaler(), Normalizer()],
        'regressor__hidden_layers': [(5,), (10,), (15,)],
        'regressor__lr': [0.01, 0.05],
        'regressor__epochs': [30],
        'regressor__batch_size': [16, 32]
    },
    {
        'regressor': [MLPRegressor(early_stopping=True, max_iter=500)],
        'regressor__hidden_layer_sizes': [(100, 50), (100,), (10,), (30, 10)]
    },
    {'regressor': [SVR()], 'pca': [None, PCA(n_components=0.95)]}
]
[-0.72660691 -0.70214575 -0.82793199 -0.78895404 -0.76782863 -0.72945125
 -0.92264879 -0.75592826 -0.74553942 -0.70119421 -0.97728815 -0.73073694
 -0.7000719  -0.71287394 -0.84292562 -0.74075355 -0.70373068 -0.71584558
 -0.94507329 -0.69685456 -0.72803472 -0.73070452 -0.91752693 -0.74251151
 -0.72459415 -0.70943779 -0.81710388 -0.70969495 -0.71048991 -0.71469586
 -0.75917573 -0.72786973 -0.7234931  -0.71246119 -0.76710955 -0.72331515
 -0.7004945  -0.72281043 -0.74121603 -0.73245223 -0.72776387 -0.71296732
 -0.78181623 -0.7195521  -0.75729405 -0.71808611 -0.75504692 -0.73667186
 -0.71778438 -0.71213944 -0.71956811 -0.73720368 -0.69512316 -0.69094458]
[0.3289029  0.33007875 0.3687186  0.33403911 0.40344853 0.33387562
 0.39646263 0.36082177 0.32059843 0.3172878  0.33986199 0.32136831
 0.31210338 0.32149773 0.35333473 0.35231693 0.31519878 0.32548653
 0.34451346 0.32027374 0.33114773 0.33976472 0.41714794 0.34516453
 0.30661699 0.32109991 0.29956982 0.30607883 0.29734217 0.3202326
 0.33055252 0.33683451 0.30875468 0.29872399 0.33705132 0.31673884
 0.29488555 0.32713898 0.38308237 0.32317054 0.31776771 0.32387405
 0.36297223 0.33587166 0.33653685 0.30591407 0.33581018 0.32172637
 0.28858932 0.28619867 0.29860062 0.30108776 0.32154923 0.32441521]
[26  7 49 47 45 30 52 41 39  6 54 32  4 14 50 36  8 17 53  3 29 31 51 38
 25  9 48 10 11 16 43 28 24 13 44 23  5 22 37 33 27 15 46 20 42 19 40 34
 18 12 21 35  2  1]
mdts_sin
[
    {
        'regressor': [PytorchWrapper(epochs=30, hidden_layers=(5,), lr=0.01)],
        'pca': [None, PCA(n_components=0.99)],
        'scaler': [StandardScaler(), Normalizer()],
        'regressor__hidden_layers': [(5,), (10,), (15,)],
        'regressor__lr': [0.01, 0.05],
        'regressor__epochs': [30],
        'regressor__batch_size': [16, 32]
    },
    {
        'regressor': [MLPRegressor(early_stopping=True, max_iter=500)],
        'regressor__hidden_layer_sizes': [(100, 50), (100,), (10,), (30, 10)]
    },
    {'regressor': [SVR()], 'pca': [None, PCA(n_components=0.95)]}
]
[-0.09709146 -0.09527275 -0.10979447 -0.10329661 -0.0951946  -0.09772363
 -0.1259777  -0.10010431 -0.09646963 -0.09651396 -0.13620742 -0.09576953
 -0.10072149 -0.09369777 -0.1481381  -0.0985385  -0.09902818 -0.09442739
 -0.12379166 -0.09838824 -0.11080673 -0.09738751 -0.16170064 -0.10094592
 -0.09949474 -0.09460729 -0.11549208 -0.09963766 -0.09949353 -0.09592738
 -0.10982785 -0.10469513 -0.101936   -0.10125861 -0.15825553 -0.103964
 -0.10237098 -0.09460627 -0.09871021 -0.09776106 -0.10209754 -0.09632828
 -0.19486603 -0.10149588 -0.09957902 -0.09929611 -0.10020159 -0.10575594
 -0.15295886 -0.16607793 -0.10874028 -0.12839165 -0.10726749 -0.10823931]
[0.04817492 0.04656717 0.05662532 0.04540163 0.05230131 0.0435506
 0.07123834 0.04866851 0.05284565 0.04359709 0.07789307 0.05416483
 0.04691232 0.04294786 0.09684536 0.052477   0.04936069 0.04583983
 0.05179438 0.0511608  0.04306521 0.04437608 0.11938837 0.04961422
 0.04796896 0.0461407  0.05740489 0.04759339 0.04889108 0.04416315
 0.07602306 0.04305377 0.04874904 0.04214055 0.09527744 0.04902058
 0.0518112  0.04869831 0.05830046 0.04201877 0.0490698  0.04512069
 0.33003328 0.05570327 0.04968432 0.04260974 0.05511503 0.04346672
 0.03142939 0.05600717 0.041766   0.04958447 0.03474271 0.03577994]
[12  6 41 34  5 14 46 25 10 11 48  7 27  1 49 17 19  2 45 16 43 13 52 28
 22  4 44 24 21  8 42 36 31 29 51 35 33  3 18 15 32  9 54 30 23 20 26 37
 50 53 40 47 38 39]
mdts_cos
[
    {
        'regressor': [PytorchWrapper(epochs=30, hidden_layers=(10,), lr=0.01)],
        'pca': [None, PCA(n_components=0.99)],
        'scaler': [StandardScaler(), Normalizer()],
        'regressor__hidden_layers': [(5,), (10,), (15,)],
        'regressor__lr': [0.01, 0.05],
        'regressor__epochs': [30],
        'regressor__batch_size': [16, 32]
    },
    {
        'regressor': [MLPRegressor(early_stopping=True, max_iter=500)],
        'regressor__hidden_layer_sizes': [(100, 50), (100,), (10,), (30, 10)]
    },
    {'regressor': [SVR()], 'pca': [None, PCA(n_components=0.95)]}
]
[-0.10379822 -0.10136033 -0.10884261 -0.10836949 -0.11387559 -0.10119354
 -0.1102851  -0.10775453 -0.10659884 -0.10184317 -0.12202098 -0.11020692
 -0.11025011 -0.10499068 -0.24689181 -0.10225809 -0.10423464 -0.09977261
 -0.19668037 -0.102467   -0.10573401 -0.10295604 -0.2495227  -0.10205294
 -0.10997445 -0.10432339 -0.15782491 -0.10158163 -0.10456684 -0.10445075
 -0.10522516 -0.10652063 -0.10528504 -0.11064028 -0.12255023 -0.10635311
 -0.10695683 -0.10157802 -0.11098818 -0.10452413 -0.10985715 -0.10595036
 -0.16081213 -0.10641322 -0.11637104 -0.10698255 -0.11420111 -0.10790408
 -0.1663113  -0.16837668 -0.13290033 -0.15405952 -0.11476654 -0.11444188]
[0.04450901 0.04158014 0.04586412 0.04326946 0.03708491 0.04071708
 0.04355899 0.04529207 0.04487506 0.0411762  0.0404457  0.04399791
 0.04713226 0.04555083 0.43129933 0.04148563 0.04019373 0.03997052
 0.18428174 0.04111617 0.04067821 0.04067111 0.17359526 0.04030889
 0.03740975 0.04019283 0.14864223 0.03766761 0.04023838 0.03799816
 0.04981735 0.0397011  0.04023233 0.03844245 0.0633164  0.03914822
 0.04098117 0.03956096 0.04985404 0.03817946 0.03859282 0.03545323
 0.15743627 0.04276234 0.03942052 0.03985093 0.03931489 0.03790924
 0.03436331 0.02958024 0.04727038 0.05651139 0.03443626 0.03354883]
[11  3 31 30 39  2 36 28 25  6 44 34 35 17 53  8 12  1 52  9 20 10 54  7
 33 13 48  5 16 14 18 24 19 37 45 22 26  4 38 15 32 21 49 23 43 27 40 29
 50 51 46 47 42 41]
shts_max
[
    {
        'regressor': [PytorchWrapper(epochs=30, hidden_layers=(5,), lr=0.05)],
        'pca': [None, PCA(n_components=0.99)],
        'scaler': [StandardScaler(), Normalizer()],
        'regressor__hidden_layers': [(5,), (10,), (15,)],
        'regressor__lr': [0.01, 0.05],
        'regressor__epochs': [30],
        'regressor__batch_size': [16, 32]
    },
    {
        'regressor': [MLPRegressor(early_stopping=True, max_iter=500)],
        'regressor__hidden_layer_sizes': [(100, 50), (100,), (10,), (30, 10)]
    },
    {'regressor': [SVR()], 'pca': [None, PCA(n_components=0.95)]}
]
[-0.67558199 -0.77877443 -0.94732619 -0.68478426 -0.69663616 -0.67500143
 -0.88060706 -0.6770316  -0.70703063 -0.69205491 -0.8476265  -0.68728463
 -0.66307266 -0.81048321 -0.76028663 -0.66174171 -0.66060494 -0.68673573
 -0.72454488 -0.67362046 -0.66974387 -0.71060173 -0.75127762 -0.67428542
 -0.66214717 -0.7557605  -0.68345923 -0.66624917 -0.70159195 -0.68600146
 -0.71981764 -0.6934418  -0.6893461  -0.68455359 -0.70231347 -0.67900552
 -0.68343351 -0.72078312 -0.65682335 -0.67012741 -0.69699093 -0.72380624
 -0.68057694 -0.70115551 -0.69454393 -0.67492433 -0.67779711 -0.68189753
 -0.71726367 -0.72168894 -0.70124716 -0.71182805 -0.68533017 -0.68517777]
[0.09551515 0.27812842 0.21870537 0.09703824 0.09452269 0.05614629
 0.29171704 0.07070221 0.14614687 0.07566146 0.27713704 0.07692416
 0.07507402 0.27680061 0.11227668 0.0789254  0.05993681 0.09832444
 0.11917949 0.09142934 0.0762273  0.1102179  0.13201687 0.10880907
 0.06316964 0.2818891  0.08859027 0.07948252 0.08952549 0.06372562
 0.14478794 0.09101343 0.07439163 0.07978542 0.13619903 0.0782805
 0.08014884 0.14311538 0.07529427 0.06956724 0.07690136 0.15359671
 0.10819271 0.08961358 0.07656419 0.06643088 0.08392368 0.06687657
 0.08374861 0.07352026 0.09017421 0.08670469 0.07837641 0.08115373]
[13 50 54 22 32 12 53 14 38 29 52 27  5 51 49  3  2 26 46  9  7 39 47 10
  4 48 20  6 36 25 42 30 28 21 37 16 19 43  1  8 33 45 17 34 31 11 15 18
 41 44 35 40 24 23]
shts_med
[
    {
        'regressor': [PytorchWrapper(epochs=30, hidden_layers=(10,), lr=0.01)],
        'pca': [None, PCA(n_components=0.99)],
        'scaler': [StandardScaler(), Normalizer()],
        'regressor__hidden_layers': [(5,), (10,), (15,)],
        'regressor__lr': [0.01, 0.05],
        'regressor__epochs': [30],
        'regressor__batch_size': [16, 32]
    },
    {
        'regressor': [MLPRegressor(early_stopping=True, max_iter=500)],
        'regressor__hidden_layer_sizes': [(100, 50), (100,), (10,), (30, 10)]
    },
    {'regressor': [SVR()], 'pca': [None, PCA(n_components=0.95)]}
]
[-0.54605731 -0.57547669 -0.82329092 -0.67550177 -0.53784578 -0.55782419
 -0.83902856 -0.56494991 -0.54273455 -0.55883539 -0.60852719 -0.57653594
 -0.55270823 -0.55746394 -0.66989705 -0.56052595 -0.53685245 -0.56957673
 -0.69052535 -0.56637307 -0.53737234 -0.56796253 -0.67440168 -0.54953916
 -0.55386557 -0.55234776 -0.61245651 -0.55596106 -0.57164084 -0.56094242
 -0.5582049  -0.57295258 -0.5685852  -0.55519874 -0.55970399 -0.56639448
 -0.54262721 -0.54392386 -0.6747629  -0.56404905 -0.54947001 -0.56066993
 -0.56527392 -0.54990282 -0.56147169 -0.56227745 -0.55413969 -0.56031841
 -0.58916949 -0.60037379 -0.5791742  -0.58911567 -0.56517863 -0.56349908]
[0.10915336 0.10749793 0.31607588 0.34111234 0.08628117 0.10545105
 0.25555337 0.10807229 0.10262071 0.11617055 0.11933413 0.12908436
 0.09049518 0.09844597 0.15113447 0.10742543 0.09066235 0.08611468
 0.23293455 0.12596979 0.08594032 0.10487879 0.27046259 0.0996409
 0.08971516 0.09956732 0.15157363 0.10462384 0.0875496  0.08941913
 0.13658421 0.10675318 0.07922572 0.08668872 0.12278756 0.1205779
 0.07513039 0.0958417  0.35270786 0.09899268 0.08008716 0.09634846
 0.16919463 0.09925041 0.08166738 0.08784334 0.09237673 0.10991888
 0.08183639 0.08470849 0.08046906 0.08018406 0.09345468 0.09460221]
[ 7 40 53 51  3 18 54 30  5 20 46 41 12 17 48 23  1 37 52 33  2 35 49  9
 13 11 47 16 38 25 19 39 36 15 21 34  4  6 50 29  8 24 32 10 26 27 14 22
 44 45 42 43 31 28]
Todas las predicciones guardadas en 
../../predicciones/modelo/FQXX41MM-2023/cantabria.csv

*****************************************************************************
*                                                                           *
*                    JOB EFFICIENCY REPORT (seff 7474944)                   *
*                                                                           *
*****************************************************************************

Job ID: 7474944
Cluster: finisterrae3
User/Group: curso342/ulc
State: COMPLETED (exit code 0)
Nodes: 1
Cores per node: 32
CPU Utilized: 10:42:02
CPU Efficiency: 88.52% of 12:05:20 core-walltime
Job Wall-clock time: 00:22:40
Memory Utilized: 14.06 GB
Memory Efficiency: 87.89% of 16.00 GB

*****************************************************************************

