slurmstepd: info: Setting TMPDIR to /scratch/7629931. Previous errors about TMPDIR can be discarded
dwi_sin
[
    {
        'regressor': [
            PytorchWrapper(batch_size=16, epochs=30, hidden_layers=(15,), 
lr=0.01)
        ],
        'pca': [None, PCA(n_components=0.99)],
        'scaler': [StandardScaler(), Normalizer()],
        'regressor__hidden_layers': [(5,), (10,), (15,)],
        'regressor__lr': [0.01, 0.05],
        'regressor__epochs': [30],
        'regressor__batch_size': [16, 32]
    },
    {
        'regressor': [MLPRegressor(early_stopping=True, max_iter=500)],
        'regressor__hidden_layer_sizes': [(100, 50), (100,), (10,), (30, 10)]
    },
    {'regressor': [SVR()], 'pca': [None, PCA(n_components=0.95)]}
]
[-0.48900226 -0.51180409 -0.54147079 -0.52240276 -0.4844179  -0.46874063
 -0.56029776 -0.53847879 -0.48786489 -0.46600597 -0.60232943 -0.50873676
 -0.47852033 -0.52456026 -0.5083006  -0.50312986 -0.47117617 -0.48079849
 -0.50349956 -0.4918976  -0.49117668 -0.46776535 -0.5118264  -0.47878594
 -0.48420054 -0.47710201 -0.52345282 -0.49408375 -0.49830863 -0.48113054
 -0.53410717 -0.48096799 -0.49866115 -0.48872741 -0.53564091 -0.48767197
 -0.4821639  -0.48116621 -0.50849339 -0.49319887 -0.50557858 -0.47573737
 -0.49876513 -0.49078047 -0.50368622 -0.4860282  -0.49508793 -0.4941814
 -0.52128469 -0.52370115 -0.49697937 -0.5172795  -0.47203692 -0.47231726]
[0.05478433 0.07348683 0.06084712 0.08939618 0.06308291 0.05180815
 0.08181433 0.09305389 0.05960948 0.058194   0.21610196 0.05011262
 0.05945761 0.11387797 0.06068595 0.05603312 0.06136972 0.06162983
 0.05860593 0.05443333 0.0735671  0.06074435 0.05548653 0.04858573
 0.05902899 0.0590175  0.07429443 0.07370126 0.06776408 0.06484065
 0.0663059  0.05459404 0.05323713 0.06982672 0.06119856 0.05226027
 0.06012766 0.06258093 0.06884591 0.05288479 0.0563472  0.06211609
 0.06524276 0.06428431 0.05930105 0.06185709 0.04081759 0.05804182
 0.06863828 0.06070124 0.05540422 0.05611936 0.07441932 0.07487774]
[22 41 52 45 17  3 53 51 20  1 54 40  9 48 38 34  4 11 35 25 24  2 42 10
 16  8 46 27 31 13 49 12 32 21 50 19 15 14 39 26 37  7 33 23 36 18 29 28
 44 47 30 43  5  6]
dwi_cos
[
    {
        'regressor': [
            PytorchWrapper(batch_size=16, epochs=30, hidden_layers=(15,), 
lr=0.01)
        ],
        'pca': [None, PCA(n_components=0.99)],
        'scaler': [StandardScaler(), Normalizer()],
        'regressor__hidden_layers': [(5,), (10,), (15,)],
        'regressor__lr': [0.01, 0.05],
        'regressor__epochs': [30],
        'regressor__batch_size': [16, 32]
    },
    {
        'regressor': [MLPRegressor(early_stopping=True, max_iter=500)],
        'regressor__hidden_layer_sizes': [(100, 50), (100,), (10,), (30, 10)]
    },
    {'regressor': [SVR()], 'pca': [None, PCA(n_components=0.95)]}
]
[-0.43940719 -0.43043393 -0.52157439 -0.4576926  -0.4363882  -0.42863474
 -0.47615651 -0.44770087 -0.45145238 -0.42343211 -0.52095766 -0.44856442
 -0.42644138 -0.44664157 -0.46733275 -0.43865179 -0.43933534 -0.42372272
 -0.45263666 -0.46625266 -0.43858771 -0.42629376 -0.44538447 -0.4302859
 -0.44225262 -0.42529361 -0.4899478  -0.43658533 -0.44253233 -0.43170672
 -0.44905805 -0.44656753 -0.44936211 -0.43589351 -0.51141325 -0.43980356
 -0.43590692 -0.42770935 -0.4348409  -0.43234413 -0.45620344 -0.43093611
 -0.4590171  -0.44673313 -0.45208296 -0.43849786 -0.46280327 -0.44844009
 -0.46486493 -0.45707175 -0.4382123  -0.45220187 -0.4212889  -0.42601624]
[0.03858731 0.03317791 0.06801647 0.05200022 0.04408866 0.0380725
 0.0532879  0.0371781  0.0774172  0.03906811 0.07349149 0.04629763
 0.04296113 0.04208757 0.04878788 0.0301257  0.04295589 0.0361718
 0.0529502  0.08723296 0.05262148 0.03656882 0.05131234 0.0392875
 0.04127159 0.04447265 0.06124183 0.03080542 0.04481619 0.04320602
 0.04482856 0.02965491 0.0431411  0.04603064 0.05485654 0.02570429
 0.04373825 0.03741625 0.02792815 0.03839294 0.05644123 0.04088285
 0.06065934 0.04032878 0.04930931 0.03836421 0.06238387 0.04355625
 0.03137586 0.03750317 0.04076601 0.03638157 0.03351625 0.03282155]
[25 11 54 44 18  9 50 33 38  2 53 35  7 31 49 23 24  3 41 48 22  6 29 10
 27  4 51 19 28 13 36 30 37 16 52 26 17  8 15 14 42 12 45 32 39 21 46 34
 47 43 20 40  1  5]
wind_max
[
    {
        'regressor': [
            PytorchWrapper(batch_size=16, epochs=30, hidden_layers=(15,), 
lr=0.01)
        ],
        'pca': [None, PCA(n_components=0.99)],
        'scaler': [StandardScaler(), Normalizer()],
        'regressor__hidden_layers': [(5,), (10,), (15,)],
        'regressor__lr': [0.01, 0.05],
        'regressor__epochs': [30],
        'regressor__batch_size': [16, 32]
    },
    {
        'regressor': [MLPRegressor(early_stopping=True, max_iter=500)],
        'regressor__hidden_layer_sizes': [(100, 50), (100,), (10,), (30, 10)]
    },
    {'regressor': [SVR()], 'pca': [None, PCA(n_components=0.95)]}
]
[-2.47848714 -2.4418405  -2.8624072  -2.46718115 -2.4734915  -2.40883642
 -2.88376673 -2.41802689 -2.41242239 -2.46890202 -2.80763789 -2.40766561
 -2.47687614 -2.44807232 -2.67443107 -2.60922606 -2.43591993 -2.46560661
 -2.6073336  -2.45397077 -2.46493091 -2.41516681 -2.51900846 -2.45699777
 -2.51489072 -2.39710956 -2.51915922 -2.43985931 -2.48646656 -2.39457282
 -2.52052848 -2.49773449 -2.53195131 -2.39880028 -2.58975424 -2.48872029
 -2.49931707 -2.39781288 -2.59337231 -2.56103613 -2.47781894 -2.40059064
 -2.51027908 -2.43468722 -2.44497486 -2.39270655 -2.4918859  -2.46832337
 -2.4815615  -2.45433472 -2.54581699 -2.52962306 -2.38674949 -2.40971175]
[0.42867329 0.44851692 0.45989742 0.43970251 0.35627182 0.391524
 0.44881717 0.3892627  0.36468713 0.39551627 0.81630783 0.42474258
 0.39049444 0.36625221 0.51383371 0.73679653 0.38688103 0.38838488
 0.3494533  0.4651291  0.3544952  0.43132871 0.41235971 0.39751544
 0.39582472 0.39599887 0.34720166 0.35059041 0.38601894 0.40294323
 0.45507538 0.4621315  0.3682545  0.38011108 0.45551714 0.36700738
 0.41491619 0.41824379 0.35658248 0.48275217 0.37654799 0.36628221
 0.36262478 0.39979944 0.34721874 0.3893241  0.42773156 0.39024963
 0.37990157 0.37139276 0.35872799 0.43936846 0.39889977 0.39433084]
[31 17 53 25 28  9 54 13 11 27 52  8 29 19 51 50 15 24 49 20 23 12 40 22
 39  4 41 16 33  3 42 36 44  6 47 34 37  5 48 46 30  7 38 14 18  2 35 26
 32 21 45 43  1 10]
wind_med
[
    {
        'regressor': [PytorchWrapper(epochs=30, hidden_layers=(10,), lr=0.01)],
        'pca': [None, PCA(n_components=0.99)],
        'scaler': [StandardScaler(), Normalizer()],
        'regressor__hidden_layers': [(5,), (10,), (15,)],
        'regressor__lr': [0.01, 0.05],
        'regressor__epochs': [30],
        'regressor__batch_size': [16, 32]
    },
    {
        'regressor': [MLPRegressor(early_stopping=True, max_iter=500)],
        'regressor__hidden_layer_sizes': [(100, 50), (100,), (10,), (30, 10)]
    },
    {'regressor': [SVR()], 'pca': [None, PCA(n_components=0.95)]}
]
[-2.15418137 -2.17791053 -2.38008418 -2.10869242 -2.15995546 -2.11913146
 -2.45079042 -2.14569495 -2.14382288 -2.10301763 -2.34460933 -2.15970561
 -2.12820132 -2.33819894 -2.38997138 -2.34702978 -2.11620551 -2.09863072
 -2.43651925 -2.21490776 -2.16228913 -2.12760477 -2.26029995 -2.11286026
 -2.1245652  -2.11007457 -2.24989487 -2.15341314 -2.19533778 -2.08583013
 -2.1806257  -2.13337841 -2.20763843 -2.11221707 -2.32710131 -2.21338375
 -2.13325765 -2.08278983 -2.27109356 -2.13438635 -2.19059479 -2.07071075
 -2.16789654 -2.10144296 -2.16028434 -2.08742459 -2.24144354 -2.17670762
 -2.15957756 -2.18764387 -2.17745296 -2.15020839 -2.08769491 -2.09018476]
[0.39448943 0.51015006 0.45529414 0.39863851 0.4350137  0.41719306
 0.44090781 0.43548411 0.42914204 0.39958938 0.518043   0.41538555
 0.37973411 0.45501271 0.5837555  0.79999735 0.43667641 0.43963987
 0.54870959 0.48006196 0.39364713 0.3991193  0.47481376 0.39263699
 0.37909763 0.4129052  0.53135877 0.47330612 0.38849738 0.40691736
 0.37894526 0.41750205 0.4159084  0.41557762 0.5213645  0.42850407
 0.37725442 0.40765129 0.53860089 0.38216295 0.39654616 0.42168474
 0.41889641 0.44345129 0.39037812 0.40445428 0.40675946 0.4249979
 0.39831963 0.40832596 0.38616184 0.36262828 0.41504672 0.42723819]
[26 35 51 10 29 15 54 23 22  9 49 28 18 48 52 50 14  7 53 42 31 17 45 13
 16 11 44 25 39  3 36 20 40 12 47 41 19  2 46 21 38  1 32  8 30  4 43 33
 27 37 34 24  5  6]
shww_max
[
    {
        'regressor': [
            PytorchWrapper(batch_size=16, epochs=30, hidden_layers=(10,), 
lr=0.01)
        ],
        'pca': [None, PCA(n_components=0.99)],
        'scaler': [StandardScaler(), Normalizer()],
        'regressor__hidden_layers': [(5,), (10,), (15,)],
        'regressor__lr': [0.01, 0.05],
        'regressor__epochs': [30],
        'regressor__batch_size': [16, 32]
    },
    {
        'regressor': [MLPRegressor(early_stopping=True, max_iter=500)],
        'regressor__hidden_layer_sizes': [(100, 50), (100,), (10,), (30, 10)]
    },
    {'regressor': [SVR()], 'pca': [None, PCA(n_components=0.95)]}
]
[-1.00867633 -1.21099808 -1.27577275 -1.00097204 -1.00580344 -0.94441483
 -1.30428473 -1.06518719 -0.98162538 -1.02632637 -1.56719318 -1.10418423
 -1.01348537 -0.99511216 -1.21918977 -1.0155798  -0.96938228 -0.97321638
 -1.25146113 -1.01488815 -1.00089853 -0.96979044 -1.48386904 -1.01213178
 -1.01224165 -1.05130909 -1.08960799 -1.03768242 -1.02864141 -0.99034995
 -1.13824752 -1.01716109 -1.02422664 -1.04789441 -1.13943271 -1.02539657
 -0.94506533 -0.96512287 -1.0275945  -1.13512184 -1.00655767 -0.98817355
 -1.04553675 -1.01307246 -1.00515985 -1.00264378 -1.02387435 -1.12472832
 -1.03740714 -0.98987489 -0.99066893 -1.00931902 -0.9944365  -0.97629696]
[0.37796014 0.82705235 0.54338663 0.40934486 0.39187889 0.37376667
 0.45225552 0.44572807 0.35139021 0.46569046 0.66684623 0.49904293
 0.3772333  0.43394575 0.4498323  0.42770932 0.38856034 0.39777952
 0.49059519 0.48420508 0.42539362 0.41212494 1.09924306 0.43137562
 0.34116395 0.39884899 0.43526368 0.38300588 0.37184806 0.39175049
 0.52520877 0.42421109 0.40823333 0.40339614 0.52053217 0.39606219
 0.35334343 0.3993185  0.36763934 0.5565579  0.39085318 0.3891117
 0.47532519 0.37183033 0.37037598 0.40150635 0.35948325 0.50360155
 0.35715554 0.35374114 0.35298158 0.35210124 0.42941955 0.42161616]
[21 48 51 16 19  1 52 41  8 33 54 43 26 14 49 28  4  6 50 27 15  5 53 23
 24 40 42 37 35 11 46 29 31 39 47 32  2  3 34 45 20  9 38 25 18 17 30 44
 36 10 12 22 13  7]
shww_med
[
    {
        'regressor': [PytorchWrapper(epochs=30, hidden_layers=(10,), lr=0.01)],
        'pca': [None, PCA(n_components=0.99)],
        'scaler': [StandardScaler(), Normalizer()],
        'regressor__hidden_layers': [(5,), (10,), (15,)],
        'regressor__lr': [0.01, 0.05],
        'regressor__epochs': [30],
        'regressor__batch_size': [16, 32]
    },
    {
        'regressor': [MLPRegressor(early_stopping=True, max_iter=500)],
        'regressor__hidden_layer_sizes': [(100, 50), (100,), (10,), (30, 10)]
    },
    {'regressor': [SVR()], 'pca': [None, PCA(n_components=0.95)]}
]
[-0.7027239  -0.7010714  -0.93003559 -0.79504898 -0.77753321 -0.70516545
 -1.09840792 -0.69998654 -0.72074282 -0.67917553 -1.18739601 -0.76573113
 -0.69342243 -0.89103879 -0.84012526 -0.73002221 -0.70507894 -0.66511689
 -0.92387587 -0.70706618 -0.69410806 -0.68780288 -0.96114273 -0.70103229
 -0.71951879 -0.79443178 -0.7238317  -0.70803352 -0.76731429 -0.69288564
 -0.79135347 -0.73394836 -0.69881779 -0.68460645 -0.79163281 -0.74222463
 -0.70200833 -0.69286533 -0.73321258 -0.70973565 -0.68836728 -0.66829905
 -0.81750049 -0.70411882 -0.70752173 -0.66696769 -0.76450225 -0.73475817
 -0.69774895 -0.70347946 -0.70464234 -0.7163732  -0.68571974 -0.66610917]
[0.28863085 0.30215148 0.33321388 0.32692823 0.37360583 0.26472149
 0.48609469 0.3044516  0.29512426 0.31373706 0.34278595 0.33569475
 0.30427983 0.63983382 0.36450858 0.27348283 0.28678926 0.3085961
 0.30363764 0.32322146 0.27635156 0.32598672 0.44236467 0.33498542
 0.32323455 0.59029674 0.2768603  0.33149117 0.35130835 0.31270279
 0.26273504 0.26961666 0.29222074 0.29081155 0.24799723 0.30612823
 0.30204268 0.27592079 0.30811247 0.27760079 0.26883952 0.29608286
 0.29305129 0.28479792 0.30570403 0.28012034 0.35099766 0.29652496
 0.26741202 0.26505352 0.2575195  0.27594284 0.30245182 0.29500799]
[20 18 51 46 42 25 53 16 32  5 54 40 12 49 48 34 24  1 50 26 13  8 52 17
 31 45 33 28 41 11 43 36 15  6 44 38 19 10 35 29  9  4 47 22 27  3 39 37
 14 21 23 30  7  2]
mdts_sin
[
    {
        'regressor': [
            PytorchWrapper(batch_size=16, epochs=30, hidden_layers=(15,), 
lr=0.01)
        ],
        'pca': [None, PCA(n_components=0.99)],
        'scaler': [StandardScaler(), Normalizer()],
        'regressor__hidden_layers': [(5,), (10,), (15,)],
        'regressor__lr': [0.01, 0.05],
        'regressor__epochs': [30],
        'regressor__batch_size': [16, 32]
    },
    {
        'regressor': [MLPRegressor(early_stopping=True, max_iter=500)],
        'regressor__hidden_layer_sizes': [(100, 50), (100,), (10,), (30, 10)]
    },
    {'regressor': [SVR()], 'pca': [None, PCA(n_components=0.95)]}
]
[-0.08948168 -0.08879602 -0.09429787 -0.09511341 -0.09409739 -0.09326913
 -0.11004096 -0.08967874 -0.08637569 -0.09176702 -0.14503594 -0.09433732
 -0.10184997 -0.0883203  -0.0920712  -0.08909537 -0.10389814 -0.08870057
 -1.83445098 -0.09179917 -0.09322813 -0.09044949 -0.14415771 -0.09115583
 -0.09624566 -0.08846085 -0.09104289 -0.09059381 -0.09342469 -0.09166777
 -0.10621312 -0.09309183 -0.09595233 -0.09541005 -0.13546579 -0.09270204
 -0.09552358 -0.08670871 -0.09715363 -0.09626389 -0.09813702 -0.09160845
 -0.09719535 -0.09357338 -0.09636356 -0.09438721 -0.09734833 -0.09337717
 -0.16064312 -0.15594341 -0.10809781 -0.12748259 -0.10174866 -0.10242604]
[0.05177461 0.04352516 0.05032732 0.04979993 0.05135777 0.04164342
 0.04450132 0.0526177  0.0530195  0.04225283 0.06803464 0.05625484
 0.04799921 0.04485778 0.05322556 0.04892131 0.04789545 0.04257153
 5.14432409 0.04811845 0.04914083 0.04453805 0.08889748 0.04557809
 0.04939373 0.04460846 0.05557061 0.04881091 0.05086932 0.04340745
 0.05079994 0.04741997 0.04692403 0.04431987 0.0903602  0.05126819
 0.04788886 0.04164593 0.05924717 0.04808904 0.04673864 0.04334655
 0.06189219 0.04649035 0.04617116 0.04536455 0.05199767 0.04617353
 0.03683593 0.03103689 0.04753974 0.04287166 0.03296648 0.0341548 ]
[ 8  6 27 30 26 22 47  9  1 16 51 28 42  3 18  7 44  5 54 17 21 10 50 13
 34  4 12 11 24 15 45 20 33 31 49 19 32  2 37 35 40 14 38 25 36 29 39 23
 53 52 46 48 41 43]
mdts_cos
[
    {
        'regressor': [PytorchWrapper(epochs=30, hidden_layers=(5,), lr=0.01)],
        'pca': [None, PCA(n_components=0.99)],
        'scaler': [StandardScaler(), Normalizer()],
        'regressor__hidden_layers': [(5,), (10,), (15,)],
        'regressor__lr': [0.01, 0.05],
        'regressor__epochs': [30],
        'regressor__batch_size': [16, 32]
    },
    {
        'regressor': [MLPRegressor(early_stopping=True, max_iter=500)],
        'regressor__hidden_layer_sizes': [(100, 50), (100,), (10,), (30, 10)]
    },
    {'regressor': [SVR()], 'pca': [None, PCA(n_components=0.95)]}
]
[-0.10074587 -0.09860897 -0.11369842 -0.10790501 -0.10266733 -0.09979374
 -0.12659974 -0.10127848 -0.10635517 -0.09955267 -0.2479727  -0.09971885
 -0.09755322 -0.09887065 -0.10509769 -0.10202943 -0.1000155  -0.09936809
 -0.11847442 -0.10534828 -0.0989477  -0.09951496 -0.15022906 -0.09843793
 -0.10444745 -0.10017855 -0.11371631 -0.09910709 -0.10687955 -0.10335129
 -0.13810719 -0.10260805 -0.10004378 -0.10637786 -0.16734848 -0.10119418
 -0.1025697  -0.09790813 -0.10057395 -0.09966677 -0.10718548 -0.10130878
 -0.11760264 -0.1012667  -0.10040649 -0.1036562  -0.11629845 -0.10964146
 -0.16694649 -0.17932423 -0.13558121 -0.13443949 -0.11043368 -0.11081107]
[0.04675471 0.04151616 0.04507098 0.04399797 0.04739711 0.03884661
 0.05176659 0.05089644 0.04530477 0.04010413 0.27684575 0.04170692
 0.04460855 0.03940239 0.04703094 0.03784971 0.04601473 0.03697799
 0.04948469 0.04590979 0.04199203 0.03843235 0.05906731 0.04128026
 0.04989446 0.0382316  0.05532679 0.03877882 0.04798152 0.03710185
 0.10721264 0.03984228 0.04491781 0.03759238 0.11790436 0.03316472
 0.04295347 0.03772558 0.05110526 0.03938462 0.04203064 0.03893206
 0.07927078 0.03876993 0.03866057 0.03666222 0.04502096 0.03432962
 0.04092144 0.04340313 0.05956712 0.03034097 0.03315424 0.03221659]
[19  4 41 37 27 13 46 22 33 10 54 12  1  5 31 24 14  8 45 32  6  9 50  3
 30 16 42  7 35 28 49 26 15 34 52 20 25  2 18 11 36 23 44 21 17 29 43 38
 51 53 48 47 39 40]
shts_max
[
    {
        'regressor': [PytorchWrapper(epochs=30, hidden_layers=(5,), lr=0.01)],
        'pca': [None, PCA(n_components=0.99)],
        'scaler': [StandardScaler(), Normalizer()],
        'regressor__hidden_layers': [(5,), (10,), (15,)],
        'regressor__lr': [0.01, 0.05],
        'regressor__epochs': [30],
        'regressor__batch_size': [16, 32]
    },
    {
        'regressor': [MLPRegressor(early_stopping=True, max_iter=500)],
        'regressor__hidden_layer_sizes': [(100, 50), (100,), (10,), (30, 10)]
    },
    {'regressor': [SVR()], 'pca': [None, PCA(n_components=0.95)]}
]
[-0.61052729 -0.61551427 -0.75223714 -0.79091678 -0.61413302 -0.61667405
 -0.77998861 -0.65840998 -0.62387341 -0.59987247 -1.79697387 -0.62393369
 -0.57129522 -0.72257628 -0.69993288 -0.64673219 -0.58783804 -0.61774183
 -0.7199704  -0.62475394 -0.62882672 -0.58393576 -0.66752817 -0.61261598
 -0.62075225 -0.62786069 -0.7141728  -0.62705121 -0.61532339 -0.59875759
 -0.66057779 -0.6058598  -0.63975565 -0.60859709 -0.67434581 -0.63649451
 -0.58641693 -0.59358963 -0.65368093 -0.60482509 -0.6142628  -0.61281025
 -0.63039112 -0.60037261 -0.62965223 -0.60321276 -0.61516916 -0.61615789
 -0.64399774 -0.62762484 -0.61530394 -0.62796473 -0.58788782 -0.57831393]
[0.14835734 0.17663958 0.13198273 0.25905498 0.11742898 0.16475656
 0.21348444 0.1654104  0.17110194 0.14029791 3.19018415 0.1902228
 0.14836829 0.46618364 0.21029277 0.13977501 0.14874932 0.16502437
 0.2828215  0.18041502 0.13198926 0.16284652 0.21658076 0.17102173
 0.21146974 0.17825156 0.32526762 0.16583004 0.14293565 0.16121123
 0.16627151 0.17897789 0.16993586 0.15099945 0.17872524 0.16910394
 0.13655627 0.16501684 0.16292573 0.14719043 0.14224899 0.14035167
 0.1500992  0.1689941  0.12545121 0.14634984 0.16400779 0.16222206
 0.1327213  0.130774   0.13166386 0.13338525 0.14985537 0.15007596]
[15 23 51 53 18 25 52 43 28  9 54 29  1 50 47 41  5 26 49 30 35  3 45 16
 27 33 48 31 22  8 44 13 39 14 46 38  4  7 42 12 19 17 37 10 36 11 20 24
 40 32 21 34  6  2]
shts_med
[
    {
        'regressor': [PytorchWrapper(epochs=30, hidden_layers=(5,), lr=0.01)],
        'pca': [None, PCA(n_components=0.99)],
        'scaler': [StandardScaler(), Normalizer()],
        'regressor__hidden_layers': [(5,), (10,), (15,)],
        'regressor__lr': [0.01, 0.05],
        'regressor__epochs': [30],
        'regressor__batch_size': [16, 32]
    },
    {
        'regressor': [MLPRegressor(early_stopping=True, max_iter=500)],
        'regressor__hidden_layer_sizes': [(100, 50), (100,), (10,), (30, 10)]
    },
    {'regressor': [SVR()], 'pca': [None, PCA(n_components=0.95)]}
]
[-0.54772392 -0.67422167 -0.69678337 -0.68775713 -0.54331917 -0.53748073
 -0.76023627 -0.56390868 -0.5663135  -0.53299203 -1.5541116  -0.55369731
 -0.54258325 -0.57877975 -0.60056392 -0.56539408 -0.5177521  -0.54592961
 -0.62369087 -0.56079916 -0.52395368 -0.5459624  -0.62650492 -0.54773477
 -0.51786828 -0.53041986 -0.59289006 -0.55712987 -0.52900257 -0.53486864
 -0.61760723 -0.55521629 -0.5486096  -0.53430542 -0.56052565 -0.56935487
 -0.52709887 -0.51982814 -0.57755166 -0.56022829 -0.53488488 -0.52629457
 -0.60217888 -0.54726806 -0.55110235 -0.54488457 -0.52702261 -0.55674492
 -0.55307394 -0.56282441 -0.55315954 -0.57606769 -0.521952   -0.51526744]
[0.13717979 0.38789587 0.21801131 0.24235619 0.13963319 0.12016582
 0.20612797 0.11456632 0.1815229  0.13238553 2.65100625 0.14051229
 0.14096897 0.14310819 0.14978614 0.13272189 0.10815195 0.11851154
 0.18356568 0.12832267 0.12018216 0.13907065 0.22585149 0.13784697
 0.11862979 0.12134293 0.12335116 0.15502819 0.11527349 0.1240073
 0.13431639 0.12514402 0.12700563 0.13461768 0.12490162 0.12597624
 0.10737575 0.12323114 0.21706906 0.12225871 0.1032024  0.11895478
 0.18584172 0.15311493 0.11472865 0.12013862 0.12766577 0.13639637
 0.10777491 0.09418828 0.09324733 0.09478894 0.10786411 0.10764971]
[23 50 52 51 18 16 53 37 39 12 54 29 17 43 45 38  2 20 48 35  6 21 49 24
  3 11 44 32 10 14 47 30 25 13 34 40  9  4 42 33 15  7 46 22 26 19  8 31
 27 36 28 41  5  1]
Todas las predicciones guardadas en 
../../predicciones/modelo/FQXX41MM-2023/cantabria.csv

*****************************************************************************
*                                                                           *
*                    JOB EFFICIENCY REPORT (seff 7629931)                   *
*                                                                           *
*****************************************************************************

Job ID: 7629931
Cluster: finisterrae3
User/Group: curso342/ulc
State: COMPLETED (exit code 0)
Nodes: 1
Cores per node: 32
CPU Utilized: 10:30:25
CPU Efficiency: 85.84% of 12:14:24 core-walltime
Job Wall-clock time: 00:22:57
Memory Utilized: 14.03 GB
Memory Efficiency: 87.67% of 16.00 GB

*****************************************************************************

