slurmstepd: info: Setting TMPDIR to /scratch/13085861. Previous errors about TMPDIR can be discarded
dwi_sin
[
    {
        'scaler': [None, StandardScaler()],
        'pca': [None, PCA(n_components=0.95)],
        'regressor__C': [0.1, 1.0, 10.0, 100.0],
        'regressor__epsilon': [0.01, 0.1, 0.2, 1]
    }
]
[-0.49386454 -0.49873302 -0.4850077  -0.49011744 -0.47598831 -0.47885118
 -0.71634879 -0.71634879 -0.51054881 -0.50873956 -0.49441322 -0.49816447
 -0.4903484  -0.48751784 -0.71634879 -0.71634879 -0.79872132 -0.5203186
 -0.6374839  -0.52492485 -0.54510115 -0.51257504 -0.71634879 -0.71634879
 -0.71414587 -0.75067569 -0.61664637 -0.78158201 -0.6853597  -0.64996529
 -0.71634879 -0.71634879 -0.50311222 -0.5046017  -0.49018366 -0.49039242
 -0.47754736 -0.47662672 -0.71634879 -0.71634879 -0.50270544 -0.50499137
 -0.49542978 -0.49075934 -0.48312667 -0.47641427 -0.71634879 -0.71634879
 -0.51096151 -0.52423106 -0.508103   -0.50811067 -0.51781429 -0.49136678
 -0.71634879 -0.71634879 -0.88004455 -0.69043213 -0.7549363  -0.61785236
 -0.61272715 -0.55449279 -0.71634879 -0.71634879]
[0.06666384 0.06491519 0.06419295 0.06305402 0.06008338 0.05695183
 0.01232881 0.01232881 0.06524883 0.06564202 0.05804821 0.06077987
 0.0552115  0.05562634 0.01232881 0.01232881 0.32487382 0.05164522
 0.12879808 0.05957811 0.03935648 0.05141669 0.01232881 0.01232881
 0.16374344 0.18698626 0.08080627 0.2501651  0.23693802 0.08521029
 0.01232881 0.01232881 0.0683625  0.0677362  0.06532894 0.06471174
 0.06026975 0.06041792 0.01232881 0.01232881 0.06896457 0.0678757
 0.05839656 0.06495471 0.05236699 0.05962695 0.01232881 0.01232881
 0.05775307 0.07981791 0.07298295 0.05353687 0.08918109 0.06054658
 0.01232881 0.01232881 0.2260145  0.11896549 0.25061865 0.09968902
 0.11075651 0.10199128 0.01232881 0.01232881]
[15 19  7  9  1  5 44 44 27 26 16 18 11  8 44 44 63 31 39 33 34 29 44 44
 43 60 37 62 41 40 44 44 21 22 10 12  4  3 44 44 20 23 17 13  6  2 44 44
 28 32 24 25 30 14 44 44 64 42 61 38 36 35 44 44]
dwi_cos
[
    {
        'scaler': [None, StandardScaler()],
        'pca': [None, PCA(n_components=0.95)],
        'regressor__C': [0.1, 1.0, 10.0, 100.0],
        'regressor__epsilon': [0.01, 0.1, 0.2, 1]
    }
]
[-0.43101535 -0.43968271 -0.43044311 -0.43697203 -0.42630218 -0.43421642
 -0.56290771 -0.56290771 -0.44721425 -0.45694108 -0.45120376 -0.45347137
 -0.45457544 -0.45001414 -0.56290771 -0.56290771 -0.5841135  -0.48521923
 -0.51638792 -0.49758002 -0.51499685 -0.49607658 -0.56290771 -0.56290771
 -0.61289619 -0.62730556 -0.6632001  -0.62196363 -0.56609871 -0.64537846
 -0.56290771 -0.56290771 -0.43185431 -0.42989672 -0.4303143  -0.42782007
 -0.42679172 -0.42164071 -0.56290771 -0.56290771 -0.43001853 -0.43099749
 -0.4333775  -0.42856676 -0.42774402 -0.42265871 -0.56290771 -0.56290771
 -0.50772207 -0.45489529 -0.48631016 -0.43336092 -0.45019723 -0.4590349
 -0.56290771 -0.56290771 -0.70707823 -0.64787437 -0.59372813 -0.56347258
 -0.70623462 -0.5099981  -0.56290771 -0.56290771]
[0.038931   0.04217686 0.0405951  0.04077294 0.03774969 0.04094766
 0.05001419 0.05001419 0.03671839 0.04951572 0.04333913 0.05016993
 0.04588451 0.05105018 0.05001419 0.05001419 0.14288044 0.06487555
 0.11356068 0.05914427 0.10263846 0.06297235 0.05001419 0.05001419
 0.23063629 0.0855501  0.30008209 0.10671059 0.15028821 0.1488163
 0.05001419 0.05001419 0.03548482 0.03468172 0.0349708  0.03550072
 0.03486229 0.03433541 0.05001419 0.05001419 0.03836404 0.03316465
 0.03473186 0.03724349 0.03808646 0.0348852  0.05001419 0.05001419
 0.06815185 0.04448096 0.05807507 0.0429465  0.04853097 0.04907806
 0.05001419 0.05001419 0.33186566 0.19854487 0.14999915 0.10813247
 0.34401704 0.05986915 0.05001419 0.05001419]
[13 19 11 18  3 17 37 37 20 27 23 24 25 21 37 37 55 29 36 32 35 31 37 37
 57 59 62 58 54 60 37 37 14  8 10  6  4  1 37 37  9 12 16  7  5  2 37 37
 33 26 30 15 22 28 37 37 64 61 56 53 63 34 37 37]
wind_max
[
    {
        'scaler': [None, StandardScaler()],
        'pca': [None, PCA(n_components=0.95)],
        'regressor__C': [0.1, 1.0, 10.0, 100.0],
        'regressor__epsilon': [0.01, 0.1, 0.2, 1]
    }
]
[-2.34440091 -2.38677933 -2.34445855 -2.38846952 -2.34234991 -2.38373658
 -2.33866758 -2.38075738 -2.37236157 -2.50466122 -2.38130974 -2.50372624
 -2.36689443 -2.49189211 -2.37224845 -2.47311869 -2.62269941 -2.66244718
 -2.5431853  -2.63639176 -2.57541909 -2.60624114 -2.45932205 -2.57285773
 -3.35793938 -2.84815775 -3.60992857 -2.86699017 -3.07273292 -3.04549782
 -2.65698048 -2.7629558  -2.37085168 -2.35234988 -2.37010003 -2.35200973
 -2.36852656 -2.3560227  -2.36021263 -2.34220656 -2.37038078 -2.34921026
 -2.36732363 -2.3502389  -2.36815352 -2.35318847 -2.35913012 -2.33901659
 -2.3873186  -2.34621321 -2.40451835 -2.35713396 -2.3770503  -2.36275084
 -2.3671622  -2.36255042 -2.94516623 -2.64590464 -2.77319251 -2.54354565
 -2.74014789 -2.61959698 -2.93084812 -2.59882489]
[0.45254108 0.4481723  0.45063795 0.4498614  0.4489187  0.44720845
 0.44265015 0.44226943 0.45104046 0.50253701 0.44824711 0.50657725
 0.44651709 0.49556767 0.44555466 0.47318401 0.51778308 0.56741434
 0.55174347 0.58071523 0.52564138 0.56109064 0.49033374 0.53277672
 1.04496712 0.49755047 1.27036779 0.69303018 1.10309757 0.54393443
 0.38453143 0.53537741 0.46578521 0.47238283 0.46720184 0.47556869
 0.46639318 0.48039159 0.45772227 0.46128977 0.46570725 0.47178516
 0.47046676 0.47344398 0.46705732 0.47657763 0.46025745 0.4612055
 0.47572393 0.45882974 0.45321785 0.48220817 0.45592661 0.47966791
 0.46178201 0.47248562 0.65779075 0.56362744 0.40308653 0.42440433
 0.61166682 0.45786349 0.66465101 0.38962595]
[ 5 33  6 35  4 32  1 30 28 41 31 40 19 39 27 38 49 53 42 50 45 47 37 44
 63 57 64 58 62 61 52 55 26 11 24 10 23 13 16  3 25  8 21  9 22 12 15  2
 34  7 36 14 29 18 20 17 60 51 56 43 54 48 59 46]
wind_med
[
    {
        'scaler': [None, StandardScaler()],
        'pca': [None, PCA(n_components=0.95)],
        'regressor__C': [0.1, 1.0, 10.0, 100.0],
        'regressor__epsilon': [0.01, 0.1, 0.2, 1]
    }
]
[-2.05460917 -2.09974864 -2.05037906 -2.09612635 -2.04764326 -2.09195508
 -2.03319128 -2.07478915 -2.08151907 -2.16748633 -2.06937028 -2.16397562
 -2.08465971 -2.15754474 -2.07203767 -2.17706842 -2.40019955 -2.24930998
 -2.54420309 -2.23115956 -2.19342286 -2.23074749 -2.21422659 -2.2825362
 -3.56737869 -2.58493606 -2.56073861 -2.51190131 -3.08659203 -2.58212616
 -2.30310523 -2.50347257 -2.08221245 -2.07065073 -2.08257488 -2.06871842
 -2.0827356  -2.06598711 -2.06634795 -2.05128606 -2.08158839 -2.07000762
 -2.0835962  -2.06577901 -2.08036737 -2.06483603 -2.0618567  -2.05030766
 -2.13693844 -2.05663906 -2.1031106  -2.07807199 -2.10939813 -2.06767287
 -2.08474441 -2.05116162 -2.52631094 -2.35641003 -2.41099619 -2.37027142
 -2.55434707 -2.17697878 -2.3764959  -2.24285755]
[0.47150258 0.45377864 0.47068077 0.45735692 0.47486611 0.46122896
 0.46166382 0.44430686 0.46915461 0.45313861 0.46550616 0.44570885
 0.47516374 0.44483066 0.45320779 0.42615237 0.60050158 0.46250734
 0.44149359 0.4708745  0.519254   0.48959993 0.50644566 0.50527013
 2.53852737 0.44423915 0.65682061 0.50285475 1.3460727  0.53457027
 0.47924402 0.47040145 0.50312055 0.51383528 0.50519122 0.51361029
 0.50487822 0.51046186 0.49431972 0.49944194 0.50093654 0.51336074
 0.50111266 0.51139695 0.50568386 0.50833136 0.4927147  0.49845394
 0.62431104 0.49454929 0.51403501 0.51413997 0.48497484 0.50782024
 0.48528473 0.48189329 0.66431738 0.63336138 0.74040979 0.42071603
 0.61849809 0.51324225 0.63579648 0.53860798]
[ 7 33  4 32  2 31  1 20 23 39 16 38 29 37 19 41 53 47 58 45 42 44 43 48
 64 62 60 56 63 61 49 55 25 18 26 15 27 12 13  6 24 17 28 11 22 10  9  3
 36  8 34 21 35 14 30  5 57 50 54 51 59 40 52 46]
shww_max
[
    {
        'scaler': [None, StandardScaler()],
        'pca': [None, PCA(n_components=0.95)],
        'regressor__C': [0.1, 1.0, 10.0, 100.0],
        'regressor__epsilon': [0.01, 0.1, 0.2, 1]
    }
]
[-0.91416115 -0.93373588 -0.90716623 -0.92725931 -0.90287117 -0.92136134
 -0.95050964 -0.98523858 -0.93166995 -0.9674255  -0.92263016 -0.96382682
 -0.94765056 -0.95863623 -1.00609427 -1.01872454 -1.0182733  -1.02428507
 -1.02373264 -0.99149474 -1.04020553 -0.98050379 -1.11634695 -1.0731437
 -1.14731696 -1.28328439 -1.16015247 -1.2134976  -1.02970811 -1.10257998
 -1.11912565 -1.22920821 -0.92320507 -0.92650533 -0.92070828 -0.91961244
 -0.9145848  -0.91452086 -0.92158055 -0.92155092 -0.92332343 -0.92780813
 -0.92206145 -0.91869738 -0.9160802  -0.91300983 -0.9260266  -0.92744737
 -0.98303726 -0.94162709 -0.97674321 -0.9325876  -0.95233439 -0.9207149
 -0.9581233  -0.9494227  -1.01511297 -1.22381858 -1.01537151 -1.14404127
 -1.17583642 -1.26124357 -1.04915222 -1.05260577]
[0.39788313 0.39336227 0.39622417 0.39292579 0.39559712 0.39343481
 0.37521238 0.37196847 0.40146777 0.4057419  0.39148648 0.40866867
 0.39961394 0.40147945 0.37950253 0.37000905 0.41672154 0.41688104
 0.38726136 0.38631192 0.57499992 0.40227724 0.45323096 0.35411761
 0.48579374 0.49801943 0.50687921 0.41400278 0.38026492 0.32458507
 0.40874428 0.38736161 0.4307403  0.43737683 0.42754755 0.42742014
 0.4199772  0.42153921 0.40666553 0.39899099 0.43129084 0.43895182
 0.42665569 0.42516238 0.42006923 0.41734635 0.40555063 0.3970146
 0.47934571 0.43855948 0.38500848 0.44198032 0.41912421 0.41556586
 0.43754198 0.40398196 0.43331469 0.55902444 0.43200544 0.4375985
 0.69504853 0.53694391 0.38071928 0.34786536]
[ 4 26  2 21  1 12 30 39 24 35 16 34 28 33 41 45 44 47 46 40 49 37 54 52
 57 64 58 60 48 53 55 62 17 20 10  9  6  5 14 13 18 23 15  8  7  3 19 22
 38 27 36 25 31 11 32 29 42 61 43 56 59 63 50 51]
shww_med
[
    {
        'scaler': [None, StandardScaler()],
        'pca': [None, PCA(n_components=0.95)],
        'regressor__C': [0.1, 1.0, 10.0, 100.0],
        'regressor__epsilon': [0.01, 0.1, 0.2, 1]
    }
]
[-0.69401193 -0.70554727 -0.68829484 -0.70389879 -0.68766913 -0.70534848
 -0.7447317  -0.79079859 -0.70166874 -0.73948051 -0.70970354 -0.73693008
 -0.71653901 -0.73309468 -0.80340339 -0.8270476  -0.82036088 -0.77813845
 -0.76235589 -0.77851865 -0.74696097 -0.77388269 -0.88803183 -0.8719385
 -0.89105798 -0.92135889 -0.82954719 -0.90845199 -0.86203323 -0.88553301
 -0.93966078 -1.02627303 -0.70380995 -0.70665145 -0.69962542 -0.69802063
 -0.69537621 -0.69467578 -0.7136831  -0.71592156 -0.7042074  -0.70506557
 -0.69809538 -0.6977849  -0.70032276 -0.69502665 -0.7204821  -0.71925015
 -0.86732414 -0.72931253 -0.7116261  -0.69895421 -0.76007517 -0.71876121
 -0.82112114 -0.74904153 -0.94184178 -0.82657106 -0.86001835 -0.83560283
 -0.7943811  -0.86695798 -0.87983885 -0.88681389]
[0.33901265 0.33419072 0.33520885 0.32954896 0.33731273 0.33132216
 0.31745519 0.29873069 0.33682555 0.33804387 0.33308013 0.34117636
 0.34947078 0.33628139 0.31216777 0.300471   0.32009802 0.31612644
 0.35026262 0.32208035 0.36906683 0.32306221 0.31436846 0.29081089
 0.40528031 0.35113874 0.30111821 0.4144031  0.3646066  0.35009673
 0.34204066 0.31098849 0.36151095 0.37027631 0.35721947 0.35978276
 0.35117196 0.35917936 0.32813411 0.32286675 0.35282275 0.36702783
 0.34998724 0.36012962 0.35529671 0.35915155 0.33254129 0.32680252
 0.50351032 0.37722806 0.36872823 0.34497226 0.4088427  0.35182268
 0.38699275 0.33062406 0.37021491 0.28695727 0.30226226 0.30803251
 0.38334391 0.29768786 0.33921614 0.27338334]
[ 3 19  2 15  1 18 33 41 13 32 21 31 25 30 43 47 44 39 37 40 34 38 58 54
 59 61 48 60 51 56 62 64 14 20 11  8  6  4 23 24 16 17  9  7 12  5 28 27
 53 29 22 10 36 26 45 35 63 46 50 49 42 52 55 57]
mdts_sin
[
    {
        'scaler': [None, StandardScaler()],
        'pca': [None, PCA(n_components=0.95)],
        'regressor__C': [0.1, 1.0, 10.0, 100.0],
        'regressor__epsilon': [0.01, 0.1, 0.2, 1]
    }
]
[-0.08641091 -0.0865775  -0.09684594 -0.10013121 -0.11587533 -0.12424634
 -0.71992315 -0.71992315 -0.090864   -0.08683053 -0.11293667 -0.10427649
 -0.13413918 -0.13596784 -0.71992315 -0.71992315 -0.13973775 -0.12102204
 -0.1601147  -0.1426436  -0.15835166 -0.16175459 -0.71992315 -0.71992315
 -0.18036834 -0.1337164  -0.15054777 -0.14563252 -0.15907294 -0.16497787
 -0.71992315 -0.71992315 -0.08828041 -0.08645744 -0.12980169 -0.09242269
 -0.11503629 -0.1035008  -0.71992315 -0.71992315 -0.08859305 -0.08599359
 -0.1267957  -0.09397786 -0.11544585 -0.10717919 -0.71992315 -0.71992315
 -0.11559169 -0.09898227 -0.1404668  -0.11329887 -0.14552218 -0.12116122
 -0.71992315 -0.71992315 -0.15106393 -0.13378866 -0.14625373 -0.12185199
 -0.15953975 -0.13184327 -0.71992315 -0.71992315]
[0.05499478 0.05526484 0.03958878 0.03830708 0.03504491 0.03261853
 0.01928188 0.01928188 0.04833909 0.05471226 0.03135231 0.03774175
 0.03037658 0.03091863 0.01928188 0.01928188 0.04040883 0.05941543
 0.04513704 0.04627916 0.02876636 0.03585897 0.01928188 0.01928188
 0.0638056  0.0464638  0.03245975 0.04169783 0.02573532 0.03633029
 0.01928188 0.01928188 0.05621219 0.05550395 0.04816905 0.0409487
 0.04900041 0.03691269 0.01928188 0.01928188 0.05664465 0.05466242
 0.04748805 0.03994062 0.04828491 0.03675999 0.01928188 0.01928188
 0.05772662 0.04494445 0.04168738 0.03364542 0.04951398 0.03107788
 0.01928188 0.01928188 0.08458479 0.03799389 0.03361637 0.03859961
 0.06890354 0.03211967 0.01928188 0.01928188]
[ 2  4 11 13 22 26 49 49  8  5 17 15 32 33 49 49 34 23 45 36 42 46 49 49
 48 30 40 38 43 47 49 49  6  3 28  9 19 14 49 49  7  1 27 10 20 16 49 49
 21 12 35 18 37 24 49 49 41 31 39 25 44 29 49 49]
mdts_cos
[
    {
        'scaler': [None, StandardScaler()],
        'pca': [None, PCA(n_components=0.95)],
        'regressor__C': [0.1, 1.0, 10.0, 100.0],
        'regressor__epsilon': [0.01, 0.1, 0.2, 1]
    }
]
[-0.09773571 -0.09771667 -0.10714284 -0.10935966 -0.1286589  -0.13577599
 -0.68918815 -0.68918815 -0.10149452 -0.09826713 -0.1255274  -0.11713604
 -0.14190853 -0.14720196 -0.68918815 -0.68918815 -0.15460012 -0.13379319
 -0.1643456  -0.13733268 -0.16888634 -0.17352187 -0.68918815 -0.68918815
 -0.17164734 -0.15026372 -0.17601908 -0.15336762 -0.17022627 -0.17452723
 -0.68918815 -0.68918815 -0.09838832 -0.09834086 -0.12769933 -0.09917794
 -0.14542236 -0.12107715 -0.68918815 -0.68918815 -0.09866087 -0.09797337
 -0.12623419 -0.10057836 -0.14415962 -0.12284865 -0.68918815 -0.68918815
 -0.11719512 -0.11389504 -0.13685751 -0.12324425 -0.17194948 -0.12893941
 -0.68918815 -0.68918815 -0.17910461 -0.12403615 -0.1576296  -0.12812518
 -0.16504156 -0.14287775 -0.68918815 -0.68918815]
[0.05253974 0.05237839 0.03595734 0.0362355  0.03006045 0.02725438
 0.01897239 0.01897239 0.04800476 0.05236067 0.02994178 0.03636861
 0.0288255  0.02881777 0.01897239 0.01897239 0.03976738 0.03917638
 0.03439179 0.03261735 0.0271091  0.04204294 0.01897239 0.01897239
 0.01907859 0.03961978 0.05073609 0.03392293 0.02669342 0.03793179
 0.01897239 0.01897239 0.05313333 0.05316622 0.03107783 0.03723032
 0.02645079 0.02884958 0.01897239 0.01897239 0.05281445 0.05297533
 0.03149051 0.03795169 0.02723401 0.02873743 0.01897239 0.01897239
 0.07516806 0.03822803 0.03730767 0.03034932 0.0730603  0.02757791
 0.01897239 0.01897239 0.08706781 0.03970036 0.0688308  0.04169356
 0.05067901 0.02859007 0.01897239 0.01897239]
[ 2  1 11 12 24 27 49 49 10  4 20 14 30 34 49 49 37 26 39 29 41 45 49 49
 43 35 47 36 42 46 49 49  6  5 22  8 33 16 49 49  7  3 21  9 32 17 49 49
 15 13 28 18 44 25 49 49 48 19 38 23 40 31 49 49]
shts_max
[
    {
        'scaler': [None, StandardScaler()],
        'pca': [None, PCA(n_components=0.95)],
        'regressor__C': [0.1, 1.0, 10.0, 100.0],
        'regressor__epsilon': [0.01, 0.1, 0.2, 1]
    }
]
[-0.56015303 -0.57447951 -0.55866576 -0.57168015 -0.55822122 -0.56804561
 -0.62302662 -0.6438835  -0.5793857  -0.61446279 -0.59248832 -0.60192501
 -0.58954349 -0.60353924 -0.66121121 -0.69773233 -0.68780598 -0.66359336
 -0.71310084 -0.65093111 -0.71155934 -0.66548379 -0.76147682 -0.75887082
 -0.96878188 -0.84191103 -0.91703222 -0.79596503 -0.78357501 -0.71575355
 -0.73204833 -0.8649176  -0.54864523 -0.55265489 -0.55006841 -0.55285218
 -0.54912639 -0.550346   -0.56854851 -0.57467028 -0.54902371 -0.55172494
 -0.55123238 -0.55473519 -0.55248469 -0.55183873 -0.57832495 -0.57858939
 -0.58266112 -0.57670508 -0.60789441 -0.55776416 -0.5844184  -0.56174509
 -0.7041349  -0.5932197  -0.71424825 -0.82267935 -0.72702948 -0.85600695
 -0.64665404 -0.76281133 -0.69810536 -0.74193296]
[0.14050607 0.14372857 0.14253754 0.1447231  0.14194186 0.14569976
 0.13557289 0.1497163  0.15076058 0.15251805 0.15143027 0.15781069
 0.16367527 0.16188598 0.13885476 0.16345645 0.24745759 0.14759317
 0.15042123 0.13856053 0.22558414 0.1559314  0.12766132 0.17815688
 0.28609019 0.1589723  0.38899732 0.19138585 0.3270948  0.1419591
 0.18112383 0.15555832 0.14444592 0.13612869 0.14415137 0.13739845
 0.14541627 0.13814177 0.14345329 0.13915616 0.14743063 0.13888524
 0.14392126 0.13327594 0.14288193 0.13640733 0.14323015 0.1381845
 0.1539457  0.14801229 0.21724287 0.14365193 0.16891777 0.14485542
 0.34376852 0.14322901 0.20494566 0.37229462 0.19381055 0.36457046
 0.19242409 0.29021531 0.10109819 0.16338949]
[16 21 15 20 14 18 36 37 26 35 30 32 29 33 40 44 43 41 48 39 47 42 55 54
 64 60 63 58 57 50 52 62  1 10  4 11  3  5 19 22  2  7  6 12  9  8 24 25
 27 23 34 13 28 17 46 31 49 59 51 61 38 56 45 53]
shts_med
[
    {
        'scaler': [None, StandardScaler()],
        'pca': [None, PCA(n_components=0.95)],
        'regressor__C': [0.1, 1.0, 10.0, 100.0],
        'regressor__epsilon': [0.01, 0.1, 0.2, 1]
    }
]
[-0.49529128 -0.50709837 -0.49279413 -0.50662726 -0.4939357  -0.50311113
 -0.55339232 -0.57735684 -0.52986266 -0.53252393 -0.51591355 -0.52947744
 -0.51689462 -0.53089511 -0.60726564 -0.64358526 -0.61246027 -0.63143073
 -0.58712703 -0.59979044 -0.60537096 -0.58959151 -0.66829738 -0.72850421
 -0.78909659 -0.72160089 -0.60940803 -0.7050837  -0.64174033 -0.63014956
 -0.66502952 -0.81058154 -0.48452398 -0.48586412 -0.48438035 -0.48478346
 -0.48322383 -0.4846347  -0.50648445 -0.51383282 -0.48764852 -0.48698017
 -0.48683286 -0.48580851 -0.48474306 -0.4852532  -0.50838942 -0.51712112
 -0.52083011 -0.50155968 -0.5181096  -0.50031651 -0.51481548 -0.49637565
 -0.55638107 -0.52544438 -0.65450572 -0.77257071 -0.79640334 -0.62673595
 -0.64076587 -0.61937771 -0.59444337 -0.62241028]
[0.11165342 0.10973029 0.10955062 0.10874982 0.1095615  0.11013839
 0.11494702 0.11625663 0.13319678 0.1292918  0.11276134 0.1279676
 0.11709594 0.1221765  0.11271759 0.13091818 0.1294545  0.17791597
 0.0780458  0.12516204 0.20851417 0.12837663 0.13239047 0.17837868
 0.31437949 0.13995876 0.15735956 0.16394133 0.17530334 0.13499694
 0.13390469 0.15911841 0.11434496 0.10964692 0.11380428 0.10882542
 0.11318015 0.10858521 0.10724842 0.10392923 0.1144229  0.10890609
 0.11480496 0.10845802 0.11280447 0.10804601 0.10434956 0.10548449
 0.11319822 0.10330752 0.14323882 0.09040595 0.12093392 0.10001288
 0.14005462 0.11296447 0.18831403 0.20435835 0.54540747 0.09787943
 0.22799352 0.13623664 0.13254591 0.14338527]
[15 22 13 21 14 19 36 38 33 35 26 32 27 34 44 54 46 51 39 42 43 40 57 60
 62 59 45 58 53 50 56 64  3  9  2  6  1  4 20 24 12 11 10  8  5  7 23 28
 30 18 29 17 25 16 37 31 55 61 63 49 52 47 41 48]

*****************************************************************************
*                                                                           *
*                    JOB EFFICIENCY REPORT (seff 13085861)                   *
*                                                                           *
*****************************************************************************

Job ID: 13085861
Cluster: finisterrae3
User/Group: curso342/ulc
State: COMPLETED (exit code 0)
Nodes: 1
Cores per node: 32
CPU Utilized: 2-15:50:48
CPU Efficiency: 96.61% of 2-18:05:20 core-walltime
Job Wall-clock time: 02:03:55
Memory Utilized: 9.56 GB
Memory Efficiency: 59.74% of 16.00 GB

 +++++++++++++++++++++++++++++++++++++++++++++++++++++++++++++++++++++++++++
 ++   Memory Efficiency is too small. Please review the requested memory. ++
 ++ It seems that you do not need that much memory so we recommend        ++
 ++ requesting less memory in other similar jobs.                         ++
 +++++++++++++++++++++++++++++++++++++++++++++++++++++++++++++++++++++++++++
 
*****************************************************************************

