slurmstepd: info: Setting TMPDIR to /scratch/13085863. Previous errors about TMPDIR can be discarded
dwi_sin
[
    {
        'scaler': [None, StandardScaler()],
        'pca': [None, PCA(n_components=0.95)],
        'nystroem__n_components': [100, 150],
        'regressor__C': [0.1, 1.0, 10.0, 100.0],
        'regressor__epsilon': [0.01, 0.1, 0.2, 1]
    }
]
[-0.47362363 -0.47798335 -0.47430914 -0.47290183 -0.46778891 -0.46786857
 -0.71634879 -0.71634879 -0.47744997 -0.48034942 -0.47626644 -0.4773049
 -0.46684976 -0.46792666 -0.71634879 -0.71634879 -0.48218078 -0.47918065
 -0.47693508 -0.47506957 -0.47054334 -0.47106501 -0.71634879 -0.71634879
 -0.48148347 -0.48183458 -0.47642673 -0.47673875 -0.47491258 -0.47315287
 -0.71634879 -0.71634879 -0.7017534  -0.65099511 -0.70375264 -0.66459666
 -0.70628721 -0.6541073  -0.71634879 -0.71634879 -0.68814603 -0.62783778
 -0.69708855 -0.63863191 -0.69277402 -0.63861627 -0.71634879 -0.71634879
 -0.68312329 -0.63130746 -0.69193243 -0.63903333 -0.68808836 -0.63093887
 -0.71634879 -0.71634879 -0.68769122 -0.62441593 -0.69030421 -0.63800209
 -0.68806362 -0.6384045  -0.71634879 -0.71634879 -0.47225955 -0.47158421
 -0.47111091 -0.47081943 -0.46542611 -0.46406413 -0.71634879 -0.71634879
 -0.47754765 -0.47626526 -0.47763708 -0.47362489 -0.4709802  -0.46864008
 -0.71634879 -0.71634879 -0.48345759 -0.47941353 -0.47607194 -0.47875356
 -0.47260738 -0.46866428 -0.71634879 -0.71634879 -0.48234103 -0.48027043
 -0.47936327 -0.47311602 -0.4736749  -0.46976443 -0.71634879 -0.71634879
 -0.69875067 -0.63866953 -0.70140498 -0.64895495 -0.70051904 -0.63939154
 -0.71634879 -0.71634879 -0.68689751 -0.62138519 -0.69169142 -0.62244964
 -0.68362715 -0.62120281 -0.71634879 -0.71634879 -0.67498103 -0.61979879
 -0.68505054 -0.61718816 -0.67736594 -0.61552271 -0.71634879 -0.71634879
 -0.67857066 -0.62099074 -0.68528428 -0.62114658 -0.68578161 -0.62537374
 -0.71634879 -0.71634879]
[0.06204788 0.07343714 0.06054203 0.07189244 0.0617572  0.06691389
 0.01232881 0.01232881 0.06427973 0.07169584 0.06754507 0.07131225
 0.06268755 0.06645778 0.01232881 0.01232881 0.06783529 0.07656816
 0.06626555 0.07316103 0.06429753 0.07009757 0.01232881 0.01232881
 0.06539242 0.07354526 0.06706754 0.06984909 0.06564061 0.07280057
 0.01232881 0.01232881 0.02612776 0.02530861 0.03495345 0.03928178
 0.04677858 0.04512113 0.01232881 0.01232881 0.02707757 0.0351094
 0.03516922 0.04329369 0.04461441 0.05187187 0.01232881 0.01232881
 0.02345782 0.03161672 0.03053671 0.03602058 0.04850306 0.04729186
 0.01232881 0.01232881 0.02381656 0.03663347 0.03086912 0.03029352
 0.04717553 0.06053106 0.01232881 0.01232881 0.06536404 0.07172407
 0.06397439 0.07047129 0.06250746 0.06558068 0.01232881 0.01232881
 0.06953956 0.07199245 0.06613746 0.07320481 0.06553023 0.06923727
 0.01232881 0.01232881 0.07002528 0.07445925 0.06679188 0.07603008
 0.06718872 0.07007836 0.01232881 0.01232881 0.06872327 0.07683497
 0.06729821 0.07029576 0.06551431 0.06905364 0.01232881 0.01232881
 0.02790771 0.03666243 0.03408399 0.04083425 0.04494195 0.04731712
 0.01232881 0.01232881 0.02636991 0.03480607 0.03564971 0.05469195
 0.04623285 0.04860508 0.01232881 0.01232881 0.02633033 0.03646361
 0.03225403 0.05354891 0.04689762 0.05300658 0.01232881 0.01232881
 0.02313942 0.03787606 0.03253293 0.04472044 0.03971172 0.05197755
 0.01232881 0.01232881]
[21 37 24 18  4  5 97 97 34 43 29 33  3  6 97 97 46 39 32 26 10 13 97 97
 44 45 30 31 25 20 97 97 94 70 95 72 96 71 97 97 85 59 90 65 89 64 97 97
 76 61 88 67 84 60 97 97 82 57 86 62 83 63 97 97 16 15 14 11  2  1 97 97
 35 28 36 22 12  7 97 97 48 41 27 38 17  8 97 97 47 42 40 19 23  9 97 97
 91 66 93 69 92 68 97 97 81 55 87 56 77 54 97 97 73 51 78 50 74 49 97 97
 75 52 79 53 80 58 97 97]
dwi_cos
[
    {
        'scaler': [None, StandardScaler()],
        'pca': [None, PCA(n_components=0.95)],
        'nystroem__n_components': [100, 150],
        'regressor__C': [0.1, 1.0, 10.0, 100.0],
        'regressor__epsilon': [0.01, 0.1, 0.2, 1]
    }
]
[-0.41940474 -0.42357351 -0.41812836 -0.42245055 -0.41448688 -0.41896092
 -0.56290771 -0.56290771 -0.41921983 -0.42203851 -0.41544497 -0.42293417
 -0.41546908 -0.41754503 -0.56290771 -0.56290771 -0.41716583 -0.42373397
 -0.42106736 -0.42395153 -0.41714788 -0.42492399 -0.56290771 -0.56290771
 -0.41977343 -0.4283246  -0.42031005 -0.42556938 -0.41395382 -0.42021735
 -0.56290771 -0.56290771 -0.55496054 -0.53489262 -0.55335796 -0.53626672
 -0.56213627 -0.53769465 -0.56290771 -0.56290771 -0.55332117 -0.52215663
 -0.55016585 -0.51778917 -0.55787628 -0.52355122 -0.56290771 -0.56290771
 -0.55056115 -0.51616569 -0.54965313 -0.51719657 -0.55562671 -0.52234663
 -0.56290771 -0.56290771 -0.54966111 -0.52076259 -0.55015789 -0.52230087
 -0.55725354 -0.52128021 -0.56290771 -0.56290771 -0.41836348 -0.42176645
 -0.41366746 -0.41880141 -0.41462014 -0.41639526 -0.56290771 -0.56290771
 -0.41696893 -0.42011908 -0.41440425 -0.42091289 -0.4145678  -0.42029017
 -0.56290771 -0.56290771 -0.41914575 -0.42350154 -0.41743034 -0.42279328
 -0.41655492 -0.4226137  -0.56290771 -0.56290771 -0.42010242 -0.42606933
 -0.41719398 -0.4271327  -0.4162782  -0.42423993 -0.56290771 -0.56290771
 -0.55280533 -0.52629412 -0.55168794 -0.5258704  -0.5601484  -0.53688173
 -0.56290771 -0.56290771 -0.54991038 -0.51335233 -0.54786735 -0.51232421
 -0.55615761 -0.51512515 -0.56290771 -0.56290771 -0.54709496 -0.51036001
 -0.54785183 -0.51358297 -0.5531754  -0.51793717 -0.56290771 -0.56290771
 -0.54716841 -0.51795554 -0.54642313 -0.50295131 -0.55438902 -0.51334438
 -0.56290771 -0.56290771]
[0.04363699 0.0425418  0.04579146 0.0429441  0.04206823 0.04190018
 0.05001419 0.05001419 0.04482919 0.04234994 0.04375113 0.0462371
 0.03944196 0.04446046 0.05001419 0.05001419 0.04047761 0.0406806
 0.04201211 0.04034333 0.04459538 0.04152583 0.05001419 0.05001419
 0.04408306 0.04110243 0.042012   0.03863946 0.04257587 0.04467429
 0.05001419 0.05001419 0.06260278 0.06071756 0.07191491 0.06780351
 0.09597655 0.08942395 0.05001419 0.05001419 0.06305517 0.06731588
 0.07298717 0.06925548 0.09463953 0.08522352 0.05001419 0.05001419
 0.06269792 0.06153226 0.07327408 0.06762998 0.0950403  0.08616028
 0.05001419 0.05001419 0.06185908 0.05792663 0.0722177  0.07084995
 0.09434895 0.07721503 0.05001419 0.05001419 0.04447998 0.04507728
 0.04307142 0.04329892 0.0404433  0.04283456 0.05001419 0.05001419
 0.04161415 0.04032082 0.04235058 0.04078665 0.03789205 0.04260923
 0.05001419 0.05001419 0.03863871 0.03988304 0.04068676 0.03862166
 0.03984361 0.03803402 0.05001419 0.05001419 0.03954519 0.03548406
 0.04058955 0.04129538 0.0397054  0.04304511 0.05001419 0.05001419
 0.06314231 0.06152688 0.07176053 0.07171755 0.09604708 0.09313318
 0.05001419 0.05001419 0.06302931 0.06131798 0.07097291 0.06794656
 0.0944998  0.08263773 0.05001419 0.05001419 0.06249672 0.061409
 0.07213783 0.06990143 0.09409273 0.08239189 0.05001419 0.05001419
 0.06623245 0.06226996 0.07233069 0.06715314 0.09433707 0.08230495
 0.05001419 0.05001419]
[24 40 18 35  4 21 97 97 23 34  7 38  8 17 97 97 14 41 32 42 13 44 97 97
 25 48 30 45  2 28 97 97 90 69 88 70 96 72 97 97 87 63 82 58 94 66 97 97
 83 56 78 57 91 65 97 97 79 61 81 64 93 62 97 97 19 33  1 20  6 10 97 97
 12 27  3 31  5 29 97 97 22 39 16 37 11 36 97 97 26 46 15 47  9 43 97 97
 85 68 84 67 95 71 97 97 80 53 77 51 92 55 97 97 74 50 76 54 86 59 97 97
 75 60 73 49 89 52 97 97]
wind_max
[
    {
        'scaler': [None, StandardScaler()],
        'pca': [None, PCA(n_components=0.95)],
        'nystroem__n_components': [100, 150],
        'regressor__C': [0.1, 1.0, 10.0, 100.0],
        'regressor__epsilon': [0.01, 0.1, 0.2, 1]
    }
]
[-2.48495705 -2.65625443 -2.50679318 -2.67137301 -2.50921068 -2.66503866
 -2.50357514 -2.66256446 -2.36408077 -2.48063166 -2.36137775 -2.45052525
 -2.36145511 -2.48451954 -2.33506502 -2.48813063 -2.33302567 -2.46264207
 -2.32428579 -2.45408265 -2.32363442 -2.49362766 -2.3203554  -2.4175562
 -2.34831204 -2.4591848  -2.32850841 -2.43636283 -2.3295156  -2.46386451
 -2.32946089 -2.46034131 -4.03582861 -4.01091583 -4.01452545 -3.99464719
 -3.99390768 -3.97101457 -3.9187961  -3.89916121 -4.01010753 -3.91960106
 -3.9856243  -3.92327198 -3.95769176 -3.87813257 -3.87335446 -3.77398718
 -3.99275739 -3.89282392 -3.97638865 -3.87734586 -3.94144459 -3.81091808
 -3.84306265 -3.73856533 -3.99323465 -3.83833893 -3.95147695 -3.86292909
 -3.93133013 -3.82420707 -3.84092885 -3.73068076 -2.48724651 -2.6365342
 -2.50251706 -2.64100875 -2.47655947 -2.6376549  -2.50006657 -2.63893447
 -2.35160757 -2.45063916 -2.34466051 -2.43654782 -2.33483125 -2.47714057
 -2.33687783 -2.45528204 -2.33068123 -2.4353412  -2.31708197 -2.44932541
 -2.30075797 -2.43263942 -2.31874535 -2.40523076 -2.32764033 -2.40071807
 -2.31655712 -2.44183331 -2.32604711 -2.42621193 -2.31791551 -2.48075752
 -4.03517789 -4.00401045 -4.01307157 -3.98573781 -3.99110519 -3.95198784
 -3.91631957 -3.88226469 -3.99560008 -3.85928686 -3.97149652 -3.85010048
 -3.94236083 -3.85256524 -3.86820988 -3.76819488 -3.97000685 -3.79923014
 -3.9450104  -3.78203137 -3.92049649 -3.77963713 -3.80075525 -3.69160607
 -3.95692124 -3.82810027 -3.93641037 -3.78772437 -3.9091657  -3.81951765
 -3.79681054 -3.6984907 ]
[0.75912232 0.73149893 0.782058   0.75824861 0.79486544 0.76080922
 0.75038716 0.7445225  0.53114616 0.45663103 0.51849982 0.47187722
 0.49782308 0.49645722 0.49636301 0.48014959 0.44429264 0.41228675
 0.41335587 0.43401146 0.41907499 0.44772976 0.40993342 0.39641051
 0.46278213 0.43653262 0.43109546 0.41226747 0.45530425 0.44460266
 0.3947036  0.42148793 1.22995244 1.2362601  1.21237743 1.21739451
 1.19059548 1.19871347 1.01071078 1.02431759 1.23823027 1.26276757
 1.22042672 1.22023578 1.21146685 1.20508328 1.03017957 1.04861784
 1.24133096 1.21743986 1.21829019 1.20704199 1.20919402 1.21719002
 1.02875508 1.05177599 1.24021936 1.24483451 1.23775631 1.19881703
 1.22086234 1.20212576 1.03611231 1.06354054 0.76250852 0.70673108
 0.80426443 0.72480372 0.75745022 0.71366742 0.76463786 0.70321339
 0.53377991 0.44698185 0.49871242 0.42850769 0.46180495 0.47924535
 0.45784387 0.46121627 0.40237808 0.43494155 0.4106948  0.41129837
 0.38398342 0.44536369 0.38224155 0.38154035 0.40836383 0.38056197
 0.40314736 0.43540233 0.39521767 0.40176253 0.38900774 0.39504992
 1.22929746 1.23583196 1.21293118 1.21915795 1.19279373 1.21013794
 1.01124428 1.04220831 1.24399794 1.24864751 1.22868762 1.24150698
 1.21195272 1.2156528  1.02565668 1.04506015 1.25126555 1.24566786
 1.23644992 1.22749792 1.2131649  1.21898169 1.05579298 1.06196218
 1.25113643 1.25925903 1.23273966 1.22221739 1.21881551 1.18059669
 1.06645026 1.05147656]
[ 48  61  55  64  56  63  54  62  24  45  22  35  23  47  17  50  15  41
   8  37   7  51   6  27  20  39  11  31  13  42  12  40 128 124 126 120
 119 111  97  94 123  98 114 100 109  91  89  70 117  93 113  90 103  77
  83  68 118  81 106  87 101  79  82  67  49  57  53  60  43  58  52  59
  21  36  19  32  16  44  18  38  14  30   3  34   1  29   5  26  10  25
   2  33   9  28   4  46 127 122 125 115 116 107  96  92 121  86 112  84
 104  85  88  69 110  75 105  72  99  71  76  65 108  80 102  73  95  78
  74  66]
wind_med
[
    {
        'scaler': [None, StandardScaler()],
        'pca': [None, PCA(n_components=0.95)],
        'nystroem__n_components': [100, 150],
        'regressor__C': [0.1, 1.0, 10.0, 100.0],
        'regressor__epsilon': [0.01, 0.1, 0.2, 1]
    }
]
[-2.205573   -2.34285173 -2.20296246 -2.31966871 -2.199817   -2.30447274
 -2.20356942 -2.33335422 -2.09066259 -2.15728421 -2.0681891  -2.16968595
 -2.07329174 -2.14240693 -2.06324191 -2.1578582  -2.06436757 -2.14431965
 -2.03881917 -2.1322601  -2.05037403 -2.12755762 -2.02424333 -2.12705056
 -2.074665   -2.17803367 -2.05681371 -2.12361315 -2.05981887 -2.10276756
 -2.03125129 -2.11427211 -3.50729514 -3.48331795 -3.52134603 -3.49507362
 -3.5378377  -3.51634072 -3.53683858 -3.52540903 -3.47296982 -3.39413525
 -3.49872744 -3.40810576 -3.51595577 -3.42095922 -3.47411666 -3.41818057
 -3.45749894 -3.34013171 -3.4720438  -3.38357201 -3.48204215 -3.38858191
 -3.44656817 -3.35865516 -3.44843403 -3.35471065 -3.46719932 -3.35505345
 -3.48134932 -3.36525049 -3.45698472 -3.35850077 -2.18689412 -2.29880887
 -2.19271517 -2.29067206 -2.20177776 -2.28634463 -2.18634644 -2.28769574
 -2.06444518 -2.15843935 -2.07433393 -2.10621359 -2.06712781 -2.11325978
 -2.05926104 -2.12500595 -2.0598127  -2.09847666 -2.03148253 -2.13564539
 -2.04461129 -2.11450226 -2.02914255 -2.09201095 -2.04475419 -2.11262438
 -2.04983516 -2.14458072 -2.03774424 -2.1380214  -2.04591272 -2.09902129
 -3.50186915 -3.47500796 -3.51715277 -3.48768949 -3.53643409 -3.49646801
 -3.53346395 -3.50844477 -3.45824087 -3.35364871 -3.47244857 -3.3754203
 -3.4913856  -3.40202847 -3.45980511 -3.37703706 -3.43229931 -3.29921013
 -3.44936632 -3.3311746  -3.45434565 -3.34792512 -3.42847918 -3.31801124
 -3.42778026 -3.28816839 -3.43525102 -3.33864217 -3.41930297 -3.31855363
 -3.41429635 -3.33977722]
[0.7390593  0.70069979 0.72034259 0.72807118 0.71167839 0.696762
 0.71344585 0.6964283  0.55772797 0.48485071 0.50514787 0.49154576
 0.51239374 0.47252295 0.48654346 0.48860369 0.53494539 0.44524912
 0.45724681 0.45567295 0.48552519 0.41009247 0.44762923 0.41907338
 0.47505471 0.41218038 0.44945008 0.42670688 0.47834478 0.44450105
 0.44132882 0.40492373 1.05460042 1.06738155 1.07142356 1.08103861
 1.0926895  1.09451545 1.11412076 1.12666291 1.06691895 1.08815714
 1.07679865 1.09141263 1.09782934 1.1035175  1.09998601 1.14515765
 1.07332005 1.10036719 1.08518239 1.0943432  1.10506132 1.08769854
 1.07441949 1.11218346 1.07664602 1.07171266 1.08134167 1.08042679
 1.10301097 1.09610704 1.06960881 1.0951025  0.71216241 0.68126988
 0.70202448 0.67549077 0.71795403 0.66853516 0.67959077 0.63940678
 0.51641955 0.46301566 0.51386123 0.4115407  0.5127818  0.45865227
 0.50112971 0.448544   0.43341748 0.41647991 0.43557498 0.43445135
 0.45378946 0.38101853 0.42522863 0.40077229 0.44931955 0.40988531
 0.41925061 0.4037141  0.44039759 0.41070573 0.43167989 0.39252652
 1.05669265 1.06862003 1.07343261 1.07872642 1.09258053 1.10387197
 1.11529873 1.12487936 1.07657614 1.09105994 1.08936439 1.0957482
 1.1061598  1.11127593 1.07246942 1.07358689 1.07401742 1.08082369
 1.0952779  1.10402045 1.11113227 1.10174014 1.08411692 1.11744799
 1.08545385 1.09039397 1.09808637 1.09655436 1.07728562 1.10445797
 1.07679256 1.10638686]
[ 56  64  54  62  52  61  55  63  24  44  20  47  21  41  16  45  17  42
   6  38  11  37   1  36  23  48  12  34  15  28   3  32 118 111 123 114
 128 121 127 124 106  84 116  86 120  90 107  88 100  72 104  82 110  83
  95  78  96  75 103  76 109  79  99  77  50  60  51  59  53  57  49  58
  18  46  22  29  19  31  13  35  14  26   4  39   7  33   2  25   8  30
  10  43   5  40   9  27 117 108 122 112 126 115 125 119 101  74 105  80
 113  85 102  81  93  66  97  69  98  73  92  67  91  65  94  70  89  68
  87  71]
shww_max
[
    {
        'scaler': [None, StandardScaler()],
        'pca': [None, PCA(n_components=0.95)],
        'nystroem__n_components': [100, 150],
        'regressor__C': [0.1, 1.0, 10.0, 100.0],
        'regressor__epsilon': [0.01, 0.1, 0.2, 1]
    }
]
[-1.10642409 -1.11177358 -1.09234277 -1.11353442 -1.09008156 -1.12627798
 -1.17537539 -1.19820619 -1.0515734  -1.04999116 -1.00432396 -1.03149332
 -1.07090986 -1.02156155 -1.09256626 -1.09592616 -1.02182285 -1.03421739
 -1.0238913  -1.04698193 -1.02550944 -0.98840966 -1.01761465 -1.08185055
 -1.0384676  -1.03079974 -1.07073905 -1.047265   -1.0617181  -1.01997713
 -1.02709118 -1.05803982 -1.64214423 -1.63457386 -1.62758795 -1.61980573
 -1.62997931 -1.61435849 -1.60265752 -1.59933477 -1.61375013 -1.57365171
 -1.6028538  -1.57553898 -1.61156307 -1.57985518 -1.6003937  -1.58033957
 -1.61291307 -1.54520104 -1.59561229 -1.56427853 -1.61283343 -1.55762647
 -1.59360602 -1.55711445 -1.61295913 -1.5763     -1.60867869 -1.56348731
 -1.60857578 -1.57730251 -1.58324073 -1.53107875 -1.1060997  -1.10274222
 -1.09131915 -1.10389689 -1.09662329 -1.07988513 -1.1666988  -1.19779308
 -1.01636845 -1.02966226 -1.01024818 -1.01384773 -1.01773594 -1.00007066
 -1.06058617 -1.0827384  -1.03000536 -1.02598185 -1.02026172 -1.01059009
 -0.9919192  -1.020771   -1.01480279 -1.06741923 -1.0204541  -1.01208139
 -1.00659636 -0.99786529 -1.00403071 -0.99987789 -1.02601522 -1.05344159
 -1.6340041  -1.59650314 -1.62471756 -1.60371234 -1.62971236 -1.60935529
 -1.60260988 -1.59584383 -1.58535473 -1.56162018 -1.60004301 -1.5622029
 -1.59614764 -1.57962442 -1.59826221 -1.57421814 -1.56915527 -1.54613032
 -1.6006095  -1.54774695 -1.60169037 -1.55040949 -1.58928313 -1.53736295
 -1.60390784 -1.56350391 -1.59753308 -1.53208758 -1.60070226 -1.57105874
 -1.57670193 -1.53209152]
[0.65911802 0.60866385 0.64569501 0.6380315  0.62254247 0.62213698
 0.55736989 0.53000011 0.58704464 0.54695642 0.51987566 0.54508147
 0.58023286 0.49946967 0.48372255 0.42047797 0.55134465 0.49316199
 0.57605883 0.52414863 0.52196184 0.47146504 0.42723485 0.40234842
 0.56532626 0.50245978 0.57186468 0.51698401 0.53432213 0.49278123
 0.4278908  0.40669391 0.89182306 0.88797034 0.88168234 0.8850837
 0.88222706 0.88234576 0.71344095 0.71362375 0.87378421 0.8743196
 0.86023658 0.88592327 0.87058383 0.87957253 0.71435924 0.72024852
 0.90256791 0.83220449 0.8629974  0.89773971 0.88395511 0.88561621
 0.71595642 0.72622587 0.90245239 0.88775712 0.89364614 0.87966419
 0.88099829 0.88012019 0.72504138 0.74003521 0.65739686 0.64608789
 0.6408445  0.61169256 0.6438476  0.60241098 0.52668491 0.53642431
 0.54548103 0.48377886 0.5258993  0.50078683 0.53149712 0.49300021
 0.43977411 0.43640385 0.54665462 0.50979801 0.53017864 0.456096
 0.49876004 0.49855509 0.39063711 0.43225636 0.52577855 0.47060079
 0.51200469 0.45838252 0.48581188 0.48631973 0.39210062 0.40205572
 0.88010975 0.87326574 0.8809446  0.86818248 0.88166208 0.87785795
 0.71320995 0.71447771 0.84377679 0.86659275 0.87917436 0.87297665
 0.86231396 0.85622706 0.7159509  0.71413539 0.82527571 0.89983361
 0.88948424 0.87448685 0.87556986 0.88666808 0.71810541 0.73399693
 0.89923113 0.91248062 0.88120424 0.8822205  0.87926857 0.87210238
 0.72627621 0.73929065]
[ 57  58  50  59  48  60  62  64  37  36   7  31  44  21  51  52  22  32
  23  34  24   1  15  46  33  30  43  35  41  17  27  39 128 127 123 121
 125 120 108 101 119  82 109  84 115  89 103  90 117  69  95  79 116  74
  94  73 118  85 113  77 112  87  91  65  56  54  49  55  53  45  61  63
  14  28   9  12  16   5  40  47  29  25  18  10   2  20  13  42  19  11
   8   3   6   4  26  38 126  98 122 110 124 114 107  96  92  75 102  76
  97  88 100  83  80  70 104  71 106  72  93  68 111  78  99  66 105  81
  86  67]
shww_med
[
    {
        'scaler': [None, StandardScaler()],
        'pca': [None, PCA(n_components=0.95)],
        'nystroem__n_components': [100, 150],
        'regressor__C': [0.1, 1.0, 10.0, 100.0],
        'regressor__epsilon': [0.01, 0.1, 0.2, 1]
    }
]
[-0.88485734 -0.86972284 -0.87600122 -0.84754778 -0.85784527 -0.84502695
 -0.99289709 -1.02974336 -0.82655568 -0.85222738 -0.81837238 -0.81146994
 -0.78207821 -0.7978148  -0.90181179 -0.92633365 -0.85091107 -0.82117652
 -0.80169472 -0.80076771 -0.81455614 -0.79396633 -0.83825206 -0.8740365
 -0.81851455 -0.82046986 -0.78104647 -0.83331949 -0.81978535 -0.79675916
 -0.8401216  -0.87578243 -1.29426069 -1.27805296 -1.31024201 -1.29283261
 -1.29013516 -1.27061651 -1.33419003 -1.32992635 -1.29130028 -1.2560337
 -1.30247106 -1.27561356 -1.27809334 -1.24145229 -1.33116608 -1.31321365
 -1.28052719 -1.24734308 -1.30495455 -1.25770129 -1.27738368 -1.23716176
 -1.31942047 -1.27875837 -1.29269679 -1.25838664 -1.30354942 -1.25569002
 -1.27464405 -1.24411405 -1.30272431 -1.25568455 -0.86791595 -0.85514115
 -0.86394858 -0.84869873 -0.8566047  -0.8473028  -1.00847637 -1.03151068
 -0.79784611 -0.79744351 -0.7717566  -0.78496765 -0.77334887 -0.77823884
 -0.88038029 -0.9265611  -0.78650043 -0.77451789 -0.79707036 -0.78022164
 -0.75954945 -0.77964642 -0.82095743 -0.85947694 -0.80385761 -0.76829372
 -0.76269525 -0.78495068 -0.75969139 -0.76208619 -0.82426667 -0.88260849
 -1.28915744 -1.2741634  -1.30593453 -1.27569824 -1.28552735 -1.26064188
 -1.33430542 -1.3281811  -1.28117482 -1.24614412 -1.29630686 -1.25041843
 -1.26982466 -1.2264062  -1.33055391 -1.30599982 -1.28063688 -1.23240441
 -1.29541088 -1.22786356 -1.27202273 -1.22553608 -1.31468663 -1.26465291
 -1.28484736 -1.21852704 -1.28999081 -1.23526651 -1.26652059 -1.2181235
 -1.2947256  -1.23162155]
[0.57947201 0.53230782 0.56428424 0.50244727 0.5213983  0.48649986
 0.38669244 0.36962647 0.52629331 0.49460563 0.51994779 0.42500241
 0.43555035 0.45199475 0.34224754 0.31855604 0.53453135 0.45623135
 0.46215616 0.43318881 0.45580208 0.39100656 0.30644081 0.31490006
 0.48677978 0.42384528 0.43471693 0.42318554 0.4616796  0.43252204
 0.32659143 0.30177193 0.74500744 0.74680501 0.74026505 0.7404439
 0.72867178 0.73175092 0.48710469 0.48831071 0.75346025 0.73260599
 0.74031214 0.74478329 0.72838167 0.7365985  0.48801641 0.4907078
 0.7385869  0.7601696  0.74458794 0.75052172 0.729583   0.7371116
 0.49419737 0.51319119 0.75390696 0.76080044 0.73989937 0.75069625
 0.72652291 0.72964315 0.50354819 0.52012141 0.55782345 0.5221945
 0.55888674 0.50978428 0.54412576 0.52023969 0.38970109 0.3592182
 0.48008812 0.44587396 0.4611103  0.4111027  0.458665   0.39987385
 0.30151629 0.32390064 0.44278688 0.42017543 0.44451399 0.38265649
 0.41928535 0.37337833 0.30520674 0.28806812 0.49458617 0.4005781
 0.40741132 0.40082714 0.40139015 0.3928824  0.31021575 0.26590633
 0.73966261 0.74024719 0.74006511 0.74364872 0.72896132 0.73417004
 0.48699258 0.48916124 0.74393327 0.74619205 0.74119641 0.74167556
 0.72869634 0.73726517 0.48873124 0.49596438 0.74025939 0.76411524
 0.74292875 0.74550513 0.72829354 0.72787863 0.49510591 0.51476428
 0.75643094 0.75558831 0.74802155 0.73837391 0.7271047  0.73208973
 0.50886918 0.52586744]
[ 57  51  54  41  47  39  61  63  35  44  28  26  13  21  58  59  43  33
  24  23  27  17  37  52  29  31  12  36  30  18  38  53 109  95 119 108
 105  88 127 124 106  81 113  92  96  74 126 120  98  77 116  82  94  73
 122  97 107  83 115  80  91  75 114  79  50  45  49  42  46  40  62  64
  22  20   6  15   7   9  55  60  16   8  19  11   1  10  32  48  25   5
   4  14   2   3  34  56 103  90 117  93 102  84 128 123 100  76 112  78
  87  68 125 118  99  71 111  69  89  67 121  85 101  66 104  72  86  65
 110  70]
mdts_sin
[
    {
        'scaler': [None, StandardScaler()],
        'pca': [None, PCA(n_components=0.95)],
        'nystroem__n_components': [100, 150],
        'regressor__C': [0.1, 1.0, 10.0, 100.0],
        'regressor__epsilon': [0.01, 0.1, 0.2, 1]
    }
]
[-0.08667457 -0.08632816 -0.10211833 -0.10044103 -0.10096548 -0.10557858
 -0.71992315 -0.71992315 -0.0866817  -0.08647234 -0.10084754 -0.10015424
 -0.11291748 -0.11712622 -0.71992315 -0.71992315 -0.08658857 -0.08659585
 -0.1019389  -0.10048798 -0.11697381 -0.12281571 -0.71992315 -0.71992315
 -0.08682611 -0.08654696 -0.10294064 -0.10322533 -0.118779   -0.12147291
 -0.71992315 -0.71992315 -0.08844194 -0.08800775 -0.13326991 -0.13177435
 -0.08939639 -0.0892575  -0.71992315 -0.71992315 -0.08851918 -0.08784806
 -0.13299368 -0.13042675 -0.08988236 -0.09268468 -0.71992315 -0.71992315
 -0.0886978  -0.0889117  -0.13258575 -0.12753235 -0.09068307 -0.09254727
 -0.71992315 -0.71992315 -0.08859403 -0.08729273 -0.13287709 -0.12870726
 -0.09110485 -0.09814338 -0.71992315 -0.71992315 -0.08638989 -0.08620778
 -0.10169437 -0.10075902 -0.10035005 -0.10308388 -0.71992315 -0.71992315
 -0.08659825 -0.0866962  -0.0998663  -0.10172877 -0.11434464 -0.11650803
 -0.71992315 -0.71992315 -0.08659566 -0.08594001 -0.09791166 -0.10081436
 -0.1199806  -0.12273485 -0.71992315 -0.71992315 -0.08656328 -0.08660589
 -0.10013279 -0.10359628 -0.12463332 -0.12334433 -0.71992315 -0.71992315
 -0.08836265 -0.08852765 -0.13328947 -0.13095636 -0.08952706 -0.08883587
 -0.71992315 -0.71992315 -0.08888044 -0.08827433 -0.13295826 -0.12863554
 -0.08991449 -0.09179316 -0.71992315 -0.71992315 -0.08890476 -0.08833271
 -0.13265633 -0.12796484 -0.09137144 -0.09582146 -0.71992315 -0.71992315
 -0.08864267 -0.08838425 -0.13206702 -0.12720479 -0.09259563 -0.1056497
 -0.71992315 -0.71992315]
[0.05546461 0.05532646 0.04661771 0.04179618 0.05183505 0.04025586
 0.01928188 0.01928188 0.05539116 0.05525559 0.04796633 0.03953765
 0.04425993 0.03701951 0.01928188 0.01928188 0.05544506 0.05532853
 0.04853264 0.0418216  0.03977828 0.03587815 0.01928188 0.01928188
 0.05560394 0.05481361 0.04848147 0.04106318 0.03654965 0.03341546
 0.01928188 0.01928188 0.0562664  0.05606088 0.04522415 0.04562781
 0.05543085 0.0553313  0.01928188 0.01928188 0.05602036 0.05575656
 0.04539707 0.04617661 0.05574396 0.05159113 0.01928188 0.01928188
 0.055696   0.05506923 0.04552335 0.04609844 0.05592918 0.05122595
 0.01928188 0.01928188 0.05580754 0.05615681 0.04533961 0.04683082
 0.05525018 0.04839523 0.01928188 0.01928188 0.05519238 0.05473675
 0.04715224 0.04040092 0.05046949 0.04064295 0.01928188 0.01928188
 0.05532893 0.05431222 0.04719898 0.04203412 0.04085924 0.0351517
 0.01928188 0.01928188 0.05547782 0.05444311 0.0470714  0.04050877
 0.04212095 0.03625117 0.01928188 0.01928188 0.0550473  0.05302937
 0.04876953 0.04214451 0.04144674 0.03536408 0.01928188 0.01928188
 0.05626944 0.05579482 0.04526065 0.04565614 0.05552078 0.05507479
 0.01928188 0.01928188 0.05578987 0.0552763  0.04552502 0.0462078
 0.0555198  0.05191717 0.01928188 0.01928188 0.0558659  0.05570807
 0.04591629 0.04698825 0.05579579 0.04834583 0.01928188 0.01928188
 0.05559597 0.05559403 0.04569113 0.04672826 0.05527321 0.04504273
 0.01928188 0.01928188]
[13  3 62 53 58 67 97 97 14  5 57 51 69 73 97 97  8 10 61 54 72 78 97 97
 16  6 63 65 74 76 97 97 24 19 95 88 35 34 97 97 25 18 94 86 37 45 97 97
 29 33 90 82 39 43 97 97 27 17 92 85 40 48 97 97  4  2 59 55 52 64 97 97
 11 15 49 60 70 71 97 97  9  1 47 56 75 77 97 97  7 12 50 66 80 79 97 97
 22 26 96 87 36 30 97 97 31 20 93 84 38 42 97 97 32 21 91 83 41 46 97 97
 28 23 89 81 44 68 97 97]
mdts_cos
[
    {
        'scaler': [None, StandardScaler()],
        'pca': [None, PCA(n_components=0.95)],
        'nystroem__n_components': [100, 150],
        'regressor__C': [0.1, 1.0, 10.0, 100.0],
        'regressor__epsilon': [0.01, 0.1, 0.2, 1]
    }
]
[-0.09793624 -0.09637902 -0.10705067 -0.10432201 -0.13680186 -0.14086868
 -0.68918815 -0.68918815 -0.09795499 -0.09660023 -0.10485109 -0.10460806
 -0.13352044 -0.13796629 -0.68918815 -0.68918815 -0.09784507 -0.09662888
 -0.10501277 -0.10557988 -0.13526945 -0.13873601 -0.68918815 -0.68918815
 -0.0979237  -0.09703156 -0.10613147 -0.10605934 -0.13406982 -0.13560997
 -0.68918815 -0.68918815 -0.09852647 -0.09810393 -0.12925216 -0.12789668
 -0.1455888  -0.14477346 -0.68918815 -0.68918815 -0.09864941 -0.09897262
 -0.12936258 -0.12518551 -0.14545693 -0.14214562 -0.68918815 -0.68918815
 -0.0986879  -0.09858343 -0.12860674 -0.12493715 -0.1457043  -0.14219905
 -0.68918815 -0.68918815 -0.0985043  -0.0980165  -0.12896136 -0.12406212
 -0.14532311 -0.14389708 -0.68918815 -0.68918815 -0.09760446 -0.09627138
 -0.10645477 -0.10432455 -0.13728929 -0.14032421 -0.68918815 -0.68918815
 -0.09761126 -0.09609995 -0.10572371 -0.1060544  -0.1354992  -0.13911634
 -0.68918815 -0.68918815 -0.09781175 -0.09612726 -0.10440616 -0.10353828
 -0.13327703 -0.13618613 -0.68918815 -0.68918815 -0.0975159  -0.09635728
 -0.10490847 -0.10425753 -0.13013033 -0.13507463 -0.68918815 -0.68918815
 -0.09848704 -0.09802341 -0.12919907 -0.12761074 -0.14550675 -0.14394568
 -0.68918815 -0.68918815 -0.0983747  -0.09765611 -0.12923338 -0.12472111
 -0.14545504 -0.14103095 -0.68918815 -0.68918815 -0.09876709 -0.09807753
 -0.12854985 -0.12370631 -0.14549745 -0.14163169 -0.68918815 -0.68918815
 -0.09880641 -0.09769829 -0.12893956 -0.1235117  -0.14580766 -0.14361701
 -0.68918815 -0.68918815]
[0.05258457 0.05172523 0.03677933 0.03681456 0.02938015 0.02354352
 0.01897239 0.01897239 0.05259388 0.05186472 0.03717632 0.03666004
 0.03038682 0.02716337 0.01897239 0.01897239 0.05256717 0.05166235
 0.03716715 0.03666554 0.0270379  0.02861933 0.01897239 0.01897239
 0.05315508 0.0509985  0.03586315 0.03559923 0.02873033 0.03080126
 0.01897239 0.01897239 0.05321356 0.05305333 0.03015593 0.03068301
 0.0252099  0.02550048 0.01897239 0.01897239 0.05309949 0.05158239
 0.03048287 0.03132783 0.02555464 0.02449875 0.01897239 0.01897239
 0.0527885  0.0525923  0.03052145 0.03151775 0.02587506 0.02436842
 0.01897239 0.01897239 0.05317187 0.05209354 0.03047096 0.03177559
 0.02600193 0.02590955 0.01897239 0.01897239 0.05240114 0.05160839
 0.03598283 0.03625622 0.02907394 0.02472823 0.01897239 0.01897239
 0.05231639 0.05075846 0.03617802 0.03763405 0.02669444 0.02726398
 0.01897239 0.01897239 0.05240948 0.05145111 0.03579228 0.03607533
 0.02904269 0.02878992 0.01897239 0.01897239 0.05172431 0.05108905
 0.03546619 0.03664434 0.02789435 0.02839007 0.01897239 0.01897239
 0.05320053 0.05272508 0.03009242 0.0307161  0.02526864 0.02559385
 0.01897239 0.01897239 0.05296647 0.05129218 0.03091004 0.03130837
 0.0259366  0.02555758 0.01897239 0.01897239 0.05263506 0.05182496
 0.03082142 0.03230689 0.02593463 0.02569422 0.01897239 0.01897239
 0.05153993 0.05204532 0.03087126 0.0314135  0.02722628 0.02380067
 0.01897239 0.01897239]
[17  5 48 35 74 80 97 97 18  6 39 38 67 76 97 97 15  7 41 42 70 77 97 97
 16  8 46 45 68 72 97 97 26 22 63 56 94 88 97 97 28 32 64 54 91 83 97 97
 29 27 58 53 95 84 97 97 25 19 60 51 89 86 97 97 10  3 47 36 75 79 97 97
 11  1 43 44 71 78 97 97 14  2 37 33 66 73 97 97  9  4 40 34 65 69 97 97
 24 20 61 55 93 87 97 97 23 12 62 52 90 81 97 97 30 21 57 50 92 82 97 97
 31 13 59 49 96 85 97 97]
shts_max
[
    {
        'scaler': [None, StandardScaler()],
        'pca': [None, PCA(n_components=0.95)],
        'nystroem__n_components': [100, 150],
        'regressor__C': [0.1, 1.0, 10.0, 100.0],
        'regressor__epsilon': [0.01, 0.1, 0.2, 1]
    }
]
[-0.66895143 -0.66062175 -0.67048575 -0.6549907  -0.67883798 -0.66200258
 -0.75913818 -0.73842956 -0.66161327 -0.65176225 -0.64690117 -0.63589137
 -0.63767862 -0.64010113 -0.70804442 -0.7038292  -0.64065823 -0.63430148
 -0.63652649 -0.62894432 -0.64659729 -0.63532792 -0.71017834 -0.67295884
 -0.6399251  -0.62405561 -0.64228885 -0.61847164 -0.6399438  -0.64528809
 -0.70521441 -0.6942924  -1.15451477 -1.14438179 -1.15006863 -1.14393482
 -1.18164141 -1.16171805 -1.21193812 -1.19706871 -1.14503952 -1.12367533
 -1.14066739 -1.12775028 -1.15437238 -1.13406307 -1.17289731 -1.1616972
 -1.14557275 -1.10851327 -1.13910429 -1.11049836 -1.14168799 -1.13358344
 -1.15948607 -1.18542042 -1.14498168 -1.12930601 -1.13434622 -1.10616661
 -1.14669747 -1.12094241 -1.15976095 -1.14663042 -0.65107666 -0.63220787
 -0.65627584 -0.6438626  -0.65600615 -0.64707954 -0.75294748 -0.73102649
 -0.62767889 -0.61398632 -0.63168611 -0.60685301 -0.62815339 -0.61212391
 -0.70323747 -0.69737399 -0.63834882 -0.62536729 -0.62597539 -0.61442802
 -0.61573719 -0.62397494 -0.70376569 -0.68094396 -0.62456613 -0.61983466
 -0.62324501 -0.61578151 -0.63496023 -0.61695879 -0.6950734  -0.70219872
 -1.1517016  -1.13870537 -1.14595674 -1.13472591 -1.17820664 -1.15586517
 -1.20784044 -1.19781266 -1.14145918 -1.11378813 -1.13219062 -1.10066755
 -1.14521822 -1.12168587 -1.1721883  -1.17463801 -1.13653043 -1.10578812
 -1.12915888 -1.09297499 -1.12372298 -1.10910516 -1.16114821 -1.15228092
 -1.13877164 -1.10186524 -1.13004799 -1.10553423 -1.13093495 -1.10072093
 -1.16935761 -1.1574285 ]
[0.24995822 0.25157358 0.25510801 0.22232672 0.26733555 0.2345632
 0.20698835 0.18200939 0.21688404 0.20044627 0.18974952 0.18380118
 0.20371381 0.19763163 0.14290727 0.13352567 0.18783632 0.2086734
 0.18319875 0.18832982 0.19653494 0.19282963 0.12613293 0.12735131
 0.19800712 0.21493698 0.19334736 0.19759023 0.19057636 0.21519353
 0.114733   0.13506296 0.52893237 0.53114574 0.48927069 0.50103853
 0.4789702  0.49424104 0.47816534 0.47254132 0.53383014 0.52809322
 0.49284918 0.49855835 0.47231428 0.47659988 0.46192068 0.44636012
 0.53233376 0.5241245  0.49341965 0.4937648  0.47907652 0.48844178
 0.44755414 0.44753668 0.53300235 0.51658176 0.49661728 0.4916366
 0.47358354 0.47557067 0.45290526 0.43623276 0.23565782 0.2241405
 0.25608904 0.2129579  0.24378326 0.24104625 0.19118771 0.16445901
 0.18615895 0.17331036 0.20329503 0.16433921 0.18796299 0.18440222
 0.14613718 0.13409327 0.18865009 0.19160265 0.18137713 0.1861502
 0.16919821 0.17914543 0.11363267 0.13720104 0.1759286  0.19322538
 0.18342032 0.1880965  0.19558049 0.17404419 0.12395736 0.1413342
 0.53128825 0.53158    0.49202201 0.50289974 0.48294994 0.49028959
 0.47738008 0.46476422 0.53553881 0.52632331 0.49616101 0.50516148
 0.47157801 0.48204907 0.45887154 0.45102368 0.53880205 0.52678706
 0.49987225 0.49974339 0.46027119 0.4849672  0.43323653 0.43997324
 0.53610108 0.52285903 0.49783116 0.48518149 0.47891563 0.47564665
 0.43711132 0.43431368]
[ 46  43  47  40  49  45  64  62  44  39  36  24  26  30  59  57  31  21
  25  18  35  23  60  48  28  12  32   8  29  34  58  51 110  98 106  97
 123 117 128 125 100  78  94  80 109  87 120 116 102  72  93  74  96  86
 113 124  99  82  88  71 105  76 114 104  38  20  42  33  41  37  63  61
  16   3  19   1  17   2  55  53  27  14  15   4   5  11  56  50  13   9
  10   6  22   7  52  54 107  91 103  89 122 111 127 126  95  75  85  66
 101  77 119 121  90  70  81  65  79  73 115 108  92  68  83  69  84  67
 118 112]
shts_med
[
    {
        'scaler': [None, StandardScaler()],
        'pca': [None, PCA(n_components=0.95)],
        'nystroem__n_components': [100, 150],
        'regressor__C': [0.1, 1.0, 10.0, 100.0],
        'regressor__epsilon': [0.01, 0.1, 0.2, 1]
    }
]
[-0.59633086 -0.59116577 -0.60271904 -0.57765339 -0.60175533 -0.57388848
 -0.66880237 -0.64826224 -0.58203468 -0.56624319 -0.59057722 -0.55585314
 -0.57911226 -0.5596065  -0.61321909 -0.60203956 -0.58114941 -0.55766105
 -0.56640556 -0.56130829 -0.57756458 -0.57896725 -0.63196827 -0.60175435
 -0.59005339 -0.57174455 -0.57328742 -0.55111786 -0.58440152 -0.56300346
 -0.61933863 -0.62154668 -0.99711521 -0.98857604 -1.0067441  -0.98997012
 -1.01356543 -0.99878122 -1.15721416 -1.1365495  -0.99025528 -0.9682235
 -0.98557169 -0.96689877 -0.99940116 -0.98387195 -1.13246393 -1.06948364
 -0.98893671 -0.96677826 -0.98382674 -0.973851   -0.98306408 -0.96613804
 -1.08195729 -1.04193409 -0.98631654 -0.96903302 -0.9805724  -0.96948445
 -0.98171568 -0.9780691  -1.08547457 -1.03161962 -0.5884038  -0.56891052
 -0.59250091 -0.56965117 -0.58187778 -0.5690576  -0.65750302 -0.64563491
 -0.55720353 -0.53625456 -0.55227839 -0.54186523 -0.56068674 -0.54343415
 -0.59876379 -0.58829892 -0.56332026 -0.5498282  -0.55128882 -0.53842412
 -0.55099158 -0.55456879 -0.60022918 -0.60789648 -0.55425346 -0.55027346
 -0.55405743 -0.55341673 -0.54809217 -0.5493315  -0.62194565 -0.63674038
 -0.99380704 -0.97834884 -0.998871   -0.97971228 -1.01081325 -0.99516576
 -1.15429955 -1.1231385  -0.98597197 -0.95532759 -0.97883546 -0.9509213
 -0.97898935 -0.95836594 -1.10121298 -1.05852347 -0.98356251 -0.95075775
 -0.97422389 -0.95300862 -0.97303194 -0.9537733  -1.06170782 -1.01794332
 -0.9829811  -0.95502353 -0.96977171 -0.95839714 -0.97750894 -0.94977383
 -1.05539739 -1.01620676]
[0.20535712 0.21462622 0.21760271 0.18209835 0.20682786 0.19381381
 0.18130377 0.1500757  0.18668555 0.16284297 0.18946488 0.14828344
 0.16391186 0.14757081 0.09954095 0.11519941 0.16468925 0.15413366
 0.15532974 0.15697895 0.14338381 0.15765828 0.11392307 0.105154
 0.17393776 0.15361496 0.15455664 0.1471254  0.16733418 0.16608232
 0.09474645 0.11140576 0.44167478 0.4407277  0.43166814 0.4191899
 0.39804027 0.39136453 0.33757031 0.34681102 0.44549253 0.44042472
 0.40720109 0.42487361 0.39367627 0.40256813 0.34887773 0.35125598
 0.44247991 0.43912501 0.40825977 0.41005715 0.37345747 0.39213117
 0.33998788 0.34364342 0.44684776 0.42735153 0.40801102 0.42523114
 0.36539745 0.40204128 0.3383964  0.35543592 0.20735913 0.18250432
 0.21101759 0.16850783 0.19317085 0.18273281 0.165834   0.15310893
 0.16049873 0.12676601 0.15489338 0.13193537 0.14612308 0.1395922
 0.09565732 0.11021739 0.15124494 0.15194343 0.14569499 0.12520401
 0.13963685 0.12831072 0.113124   0.11725081 0.14433249 0.13833265
 0.14074886 0.14099173 0.14040801 0.16990554 0.07429913 0.10564324
 0.44345445 0.44620025 0.41929925 0.41548326 0.39881767 0.39440124
 0.33802381 0.34759196 0.44703581 0.43660821 0.41194508 0.40659229
 0.37751201 0.387533   0.35139472 0.35524998 0.44668484 0.43532632
 0.4113924  0.40356438 0.37188073 0.39954967 0.3291906  0.34400457
 0.44837786 0.44463089 0.41485932 0.42729225 0.36834265 0.37245714
 0.33247454 0.34223225]
[ 47  45  53  34  51  32  64  62  39  25  44  17  36  20  55  52  37  19
  26  22  33  35  59  50  43  30  31  10  40  23  56  57 106 100 110 102
 112 107 128 126 103  77  97  76 109  96 125 120 101  75  95  82  93  74
 121 116  99  78  90  79  91  85 122 115  42  27  46  29  38  28  63  61
  18   1  12   3  21   4  48  41  24   7  11   2   9  16  49  54  15   8
  14  13   5   6  58  60 104  86 108  89 111 105 127 124  98  71  87  67
  88  72 123 118  94  66  83  68  81  69 119 114  92  70  80  73  84  65
 117 113]

*****************************************************************************
*                                                                           *
*                    JOB EFFICIENCY REPORT (seff 13085863)                   *
*                                                                           *
*****************************************************************************

Job ID: 13085863
Cluster: finisterrae3
User/Group: curso342/ulc
State: COMPLETED (exit code 0)
Nodes: 1
Cores per node: 32
CPU Utilized: 1-08:24:46
CPU Efficiency: 97.92% of 1-09:06:08 core-walltime
Job Wall-clock time: 01:02:04
Memory Utilized: 9.75 GB
Memory Efficiency: 60.96% of 16.00 GB

 +++++++++++++++++++++++++++++++++++++++++++++++++++++++++++++++++++++++++++
 ++   Memory Efficiency is too small. Please review the requested memory. ++
 ++ It seems that you do not need that much memory so we recommend        ++
 ++ requesting less memory in other similar jobs.                         ++
 +++++++++++++++++++++++++++++++++++++++++++++++++++++++++++++++++++++++++++
 
*****************************************************************************

