slurmstepd: info: Setting TMPDIR to /scratch/13085864. Previous errors about TMPDIR can be discarded
dwi_sin
[
    {
        'scaler': [None, StandardScaler()],
        'pca': [None, PCA(n_components=0.95)],
        'regressor__alpha': [0.0001, 0.001, 0.01, 0.1],
        'regressor__epsilon': [0.01, 0.1, 0.2, 1],
        'regressor__loss': [
            'epsilon_insensitive',
            'squared_epsilon_insensitive'
        ]
    }
]
[-8.00307447e-01 -5.22466196e-01 -5.39273064e+11 -1.93104778e+07
 -8.64119791e-01 -5.24137386e-01 -3.72837210e+11 -6.78687433e+06
 -6.49309669e-01 -4.89893714e-01 -3.62505074e+11 -4.87540531e+04
 -7.16348785e-01 -7.16348785e-01 -7.16348785e-01 -7.16348785e-01
 -8.56986074e-01 -5.27742298e-01 -1.20158423e+11 -5.13707534e+06
 -7.07901132e-01 -5.10075415e-01 -2.59880670e+11 -1.45220972e+06
 -8.06987056e-01 -5.04275941e-01 -3.84107500e+11 -1.05580083e+07
 -7.16348785e-01 -7.16348785e-01 -7.16348785e-01 -7.16348785e-01
 -8.94531370e-01 -5.19317076e-01 -2.67302506e+11 -5.72045062e-01
 -1.02883987e+00 -5.08595304e-01 -1.34662506e+11 -6.06387089e-01
 -7.98038696e-01 -4.92449980e-01 -1.27274524e+11 -5.93663613e-01
 -7.16348785e-01 -7.16348785e-01 -7.16348785e-01 -7.16348785e-01
 -7.25553813e-01 -5.07872192e-01 -6.82220389e+10 -5.07109071e-01
 -8.41193954e-01 -5.10574224e-01 -2.01767008e+11 -5.12096004e-01
 -7.25107681e-01 -4.94321358e-01 -2.37268316e+11 -5.02081847e-01
 -7.16348785e-01 -7.16348785e-01 -7.16348785e-01 -7.16348785e-01
 -5.93878228e-01 -5.02857388e-01 -1.63503475e+00 -5.09662941e-01
 -6.42854244e-01 -5.09264717e-01 -3.05938000e+00 -4.95084052e-01
 -6.09343856e-01 -5.00139493e-01 -1.11777717e+00 -5.02513783e-01
 -7.16348785e-01 -7.16348785e-01 -7.16348785e-01 -7.16348785e-01
 -6.05741121e-01 -5.13607901e-01 -1.14612744e+00 -5.30139070e-01
 -5.24838141e-01 -5.04731434e-01 -1.68541680e+00 -5.03514045e-01
 -5.20009868e-01 -5.05862880e-01 -6.31714143e-01 -5.00096295e-01
 -7.16348785e-01 -7.16348785e-01 -7.16348785e-01 -7.16348785e-01
 -6.27920490e-01 -5.10122842e-01 -1.16960582e+00 -5.03823746e-01
 -5.62064800e-01 -5.06543490e-01 -5.92927695e-01 -5.20924434e-01
 -5.62594320e-01 -5.33593329e-01 -6.67817143e-01 -5.09057653e-01
 -7.16348785e-01 -7.16348785e-01 -7.16348785e-01 -7.16348785e-01
 -6.08351873e-01 -5.33634987e-01 -1.72017091e+00 -5.51821888e-01
 -5.39613489e-01 -5.17805805e-01 -5.92038435e-01 -5.36169138e-01
 -5.34713837e-01 -5.03088275e-01 -8.40102267e-01 -5.15289730e-01
 -7.16348785e-01 -7.16348785e-01 -7.16348785e-01 -7.16348785e-01]
[1.77006222e-01 6.81827780e-02 7.70760249e+11 5.69547208e+07
 4.86099068e-01 6.90839694e-02 5.00534566e+11 1.83671987e+07
 1.18244784e-01 5.11641039e-02 4.20218263e+11 7.23190109e+04
 1.23288060e-02 1.23288060e-02 1.23288060e-02 1.23288060e-02
 2.77342064e-01 5.90466381e-02 8.48881202e+10 1.38664819e+07
 1.64621963e-01 5.26816261e-02 2.45198551e+11 4.35085497e+06
 2.20126905e-01 5.87689173e-02 6.43970725e+11 2.16325167e+07
 1.23288060e-02 1.23288060e-02 1.23288060e-02 1.23288060e-02
 4.56783346e-01 6.87117062e-02 2.96241582e+11 8.06348549e-02
 7.34403090e-01 5.87251322e-02 9.94086135e+10 1.34860723e-01
 5.33924031e-01 5.82898875e-02 1.26034616e+11 1.24202746e-01
 1.23288060e-02 1.23288060e-02 1.23288060e-02 1.23288060e-02
 2.43470617e-01 5.09061862e-02 4.15259095e+10 8.30276411e-02
 3.36721871e-01 4.57071988e-02 1.13438360e+11 1.16116130e-01
 2.82806111e-01 6.83336801e-02 2.68541125e+11 6.26577299e-02
 1.23288060e-02 1.23288060e-02 1.23288060e-02 1.23288060e-02
 8.03864424e-02 5.73183503e-02 3.16973783e+00 7.18974055e-02
 1.83071842e-01 6.33708972e-02 6.74554271e+00 5.93786975e-02
 1.30465160e-01 5.51781827e-02 7.88815547e-01 6.33318054e-02
 1.23288060e-02 1.23288060e-02 1.23288060e-02 1.23288060e-02
 1.11048544e-01 7.26186399e-02 1.44615179e+00 1.00859043e-01
 4.63081136e-02 5.43661287e-02 1.80694236e+00 4.77133921e-02
 7.18206110e-02 5.83045942e-02 1.78266973e-01 5.37759120e-02
 1.23288060e-02 1.23288060e-02 1.23288060e-02 1.23288060e-02
 2.06408001e-01 6.06502408e-02 1.04856122e+00 4.00874212e-02
 1.73922149e-01 6.68457742e-02 8.81628489e-02 6.12830357e-02
 9.49247639e-02 8.34289246e-02 2.56643293e-01 5.07979578e-02
 1.23288060e-02 1.23288060e-02 1.23288060e-02 1.23288060e-02
 1.32597038e-01 7.56978343e-02 1.45095801e+00 9.80564636e-02
 6.84174185e-02 6.30890328e-02 8.15302835e-02 1.38988410e-01
 7.19147714e-02 6.68398210e-02 4.38183905e-01 5.79012872e-02
 1.23288060e-02 1.23288060e-02 1.23288060e-02 1.23288060e-02]
[ 96  33 128 116 101  34 126 114  58   1 125 111  61  61  61  61 100  36
 118 113  60  23 123 112  97  13 127 115  61  61  61  61 102  30 124  46
 103  19 120  52  95   2 119  49  61  61  61  61  94  18 117  17  99  25
 121  26  93   3 122   7  61  61  61  61  50   9 107  22  57  21 110   4
  54   6 104   8  61  61  61  61  51  27 105  37  35  14 108  11  31  15
  56   5  61  61  61  61  55  24 106  12  44  16  48  32  45  38  59  20
  61  61  61  61  53  39 109  43  42  29  47  41  40  10  98  28  61  61
  61  61]
dwi_cos
[
    {
        'scaler': [None, StandardScaler()],
        'pca': [None, PCA(n_components=0.95)],
        'regressor__alpha': [0.0001, 0.001, 0.01, 0.1],
        'regressor__epsilon': [0.01, 0.1, 0.2, 1],
        'regressor__loss': [
            'epsilon_insensitive',
            'squared_epsilon_insensitive'
        ]
    }
]
[-7.90546682e-01 -4.87110508e-01 -2.34819587e+11 -1.71588838e+06
 -5.94653575e-01 -4.79220856e-01 -1.33450673e+11 -2.12206380e+06
 -7.71092187e-01 -4.50221108e-01 -1.39022350e+11 -5.41795470e+05
 -5.62907712e-01 -5.62907712e-01 -5.62907712e-01 -5.62907712e-01
 -7.78881574e-01 -4.61186766e-01 -1.51439467e+11 -4.20816732e+06
 -6.07339945e-01 -4.54120342e-01 -1.03665358e+11 -7.08677866e+04
 -6.70427953e-01 -4.64592384e-01 -3.50859691e+11 -5.21349660e+07
 -5.62907712e-01 -5.62907712e-01 -5.62907712e-01 -5.62907712e-01
 -8.50649017e-01 -4.74041257e-01 -1.35057084e+11 -5.41384240e-01
 -7.97657974e-01 -4.78333867e-01 -1.67394281e+11 -5.05794044e-01
 -5.64111202e-01 -4.65551696e-01 -1.94024984e+11 -5.28864557e-01
 -5.62907712e-01 -5.62907712e-01 -5.62907712e-01 -5.62907712e-01
 -1.00475116e+00 -4.70630835e-01 -1.15369889e+11 -4.47585406e-01
 -7.16948853e-01 -4.57971347e-01 -1.89217744e+11 -4.36990531e-01
 -9.55395599e-01 -4.71710994e-01 -3.35738861e+11 -4.42803644e-01
 -5.62907712e-01 -5.62907712e-01 -5.62907712e-01 -5.62907712e-01
 -5.94138988e-01 -4.71609628e-01 -6.40069683e-01 -4.65917170e-01
 -5.05250310e-01 -4.84835072e-01 -5.73864392e-01 -4.88239907e-01
 -5.96754674e-01 -4.72691259e-01 -1.03064141e+00 -4.52572105e-01
 -5.62907712e-01 -5.62907712e-01 -5.62907712e-01 -5.62907712e-01
 -5.31112727e-01 -4.69904709e-01 -1.47113514e+00 -4.39378363e-01
 -5.86708013e-01 -4.53188141e-01 -8.76002977e-01 -4.45724859e-01
 -5.45268874e-01 -4.58950142e-01 -6.47605743e-01 -4.50413059e-01
 -5.62907712e-01 -5.62907712e-01 -5.62907712e-01 -5.62907712e-01
 -5.03196042e-01 -4.84784783e-01 -1.15021752e+00 -4.73313122e-01
 -4.94237571e-01 -4.83818065e-01 -6.74030260e-01 -4.43418528e-01
 -4.82942229e-01 -4.61710785e-01 -7.14811458e-01 -4.59162438e-01
 -5.62907712e-01 -5.62907712e-01 -5.62907712e-01 -5.62907712e-01
 -5.15657658e-01 -4.85449851e-01 -7.29022095e-01 -4.73327513e-01
 -5.31375724e-01 -4.72204808e-01 -3.84074077e+00 -4.73505868e-01
 -5.43512107e-01 -5.01760640e-01 -6.54609460e-01 -4.54814395e-01
 -5.62907712e-01 -5.62907712e-01 -5.62907712e-01 -5.62907712e-01]
[3.57315000e-01 6.81919824e-02 3.56004005e+11 3.23160365e+06
 1.59456554e-01 5.32531987e-02 1.12961332e+11 3.45528542e+06
 3.23120441e-01 5.83120445e-02 8.49331730e+10 1.59722546e+06
 5.00141940e-02 5.00141940e-02 5.00141940e-02 5.00141940e-02
 2.65015857e-01 6.08915273e-02 1.44973832e+11 9.68653250e+06
 1.30090885e-01 4.75732494e-02 5.23639978e+10 1.44992633e+05
 3.57920037e-01 7.32248247e-02 3.03111180e+11 1.56398519e+08
 5.00141940e-02 5.00141940e-02 5.00141940e-02 5.00141940e-02
 4.55298238e-01 9.89910467e-02 1.56698817e+11 1.18106143e-01
 3.68970258e-01 6.14636720e-02 2.38596141e+11 5.59276899e-02
 1.75294618e-01 6.46867429e-02 2.97171458e+11 8.40618180e-02
 5.00141940e-02 5.00141940e-02 5.00141940e-02 5.00141940e-02
 6.70383165e-01 7.14166411e-02 1.07421768e+11 3.82550159e-02
 2.72070106e-01 8.10163650e-02 1.80600909e+11 3.65258474e-02
 6.85023673e-01 6.36488175e-02 2.81611339e+11 5.60607138e-02
 5.00141940e-02 5.00141940e-02 5.00141940e-02 5.00141940e-02
 1.27134972e-01 4.83212583e-02 2.38610351e-01 4.58181503e-02
 6.43210968e-02 6.31057655e-02 1.32576526e-01 9.64106326e-02
 1.72296033e-01 7.93450646e-02 8.00528165e-01 5.74305481e-02
 5.00141940e-02 5.00141940e-02 5.00141940e-02 5.00141940e-02
 1.31863074e-01 3.96578566e-02 2.58312553e+00 3.83916786e-02
 2.35586312e-01 5.61829486e-02 4.73978169e-01 6.80359018e-02
 2.69606665e-01 5.18394694e-02 2.13388417e-01 3.09368150e-02
 5.00141940e-02 5.00141940e-02 5.00141940e-02 5.00141940e-02
 1.13036153e-01 6.20634088e-02 1.49994047e+00 4.56459328e-02
 6.97484307e-02 8.51909838e-02 3.18317024e-01 4.42159181e-02
 3.06819432e-02 4.72760966e-02 3.83027485e-01 4.32618037e-02
 5.00141940e-02 5.00141940e-02 5.00141940e-02 5.00141940e-02
 1.06409468e-01 4.75130890e-02 4.97306362e-01 4.43300148e-02
 1.10911712e-01 3.36499907e-02 9.27250413e+00 5.23196793e-02
 1.60578347e-01 1.07832586e-01 3.01007054e-01 5.97967324e-02
 5.00141940e-02 5.00141940e-02 5.00141940e-02 5.00141940e-02]
[101  38 126 113  88  32 119 114  99   7 121 112  52  52  52  52 100  16
 122 115  90  11 117 111  94  18 128 116  52  52  52  52 103  30 120  49
 102  31 123  44  84  19 125  46  52  52  52  52 106  22 118   6  97  13
 124   1 105  24 127   3  52  52  52  52  87  23  91  20  43  36  85  39
  89  26 107   9  52  52  52  52  47  21 109   2  86  10 104   5  51  14
  92   8  52  52  52  52  42  35 108  27  40  34  95   4  33  17  96  15
  52  52  52  52  45  37  98  28  48  25 110  29  50  41  93  12  52  52
  52  52]
wind_max
[
    {
        'scaler': [None, StandardScaler()],
        'pca': [None, PCA(n_components=0.95)],
        'regressor__alpha': [0.0001, 0.001, 0.01, 0.1],
        'regressor__epsilon': [0.01, 0.1, 0.2, 1],
        'regressor__loss': [
            'epsilon_insensitive',
            'squared_epsilon_insensitive'
        ]
    }
]
[-2.70559383e+00 -2.38819738e+00 -2.77711060e+11 -3.36162598e+06
 -2.52329503e+00 -2.39094693e+00 -2.61013736e+11 -8.29137447e+07
 -2.56717810e+00 -2.37504175e+00 -1.42748495e+11 -5.70614946e+07
 -2.56836317e+00 -2.34531440e+00 -1.57796417e+11 -4.01843590e+07
 -2.79994891e+00 -2.35664114e+00 -1.17001979e+11 -3.78359869e+07
 -2.38976083e+00 -2.37643582e+00 -2.05545180e+11 -1.67095193e+07
 -2.36255118e+00 -2.36008652e+00 -3.13851917e+11 -1.35183503e+07
 -2.51967693e+00 -2.36950948e+00 -1.34299288e+11 -1.87380970e+06
 -2.61393446e+00 -2.36272196e+00 -2.10788929e+11 -3.33563298e+00
 -2.57712426e+00 -2.37728511e+00 -4.09455025e+11 -2.90116637e+00
 -2.61035381e+00 -2.35422345e+00 -1.55755119e+11 -2.84908400e+00
 -2.57388997e+00 -2.35130013e+00 -7.67823861e+10 -3.12644380e+00
 -2.49767860e+00 -2.39731399e+00 -1.81344929e+11 -2.60820041e+00
 -2.44820960e+00 -2.37363016e+00 -1.40896920e+11 -2.58923722e+00
 -2.71498099e+00 -2.38532337e+00 -1.60267892e+11 -2.56441960e+00
 -2.48218857e+00 -2.36211662e+00 -3.26015754e+11 -2.58072010e+00
 -2.56800591e+00 -2.38511156e+00 -6.35092748e+00 -2.78434474e+00
 -2.39732320e+00 -2.33232893e+00 -3.26572541e+00 -2.62126624e+00
 -2.41650148e+00 -2.38186387e+00 -6.08760989e+00 -2.56334926e+00
 -2.44903776e+00 -2.35524956e+00 -3.92216100e+00 -2.65291500e+00
 -2.57316742e+00 -2.36952580e+00 -7.76831132e+00 -3.04246750e+00
 -2.48116136e+00 -2.38145506e+00 -4.96539417e+00 -2.82597035e+00
 -2.44355954e+00 -2.39491135e+00 -3.50842056e+00 -2.65311889e+00
 -2.47175670e+00 -2.37770050e+00 -4.05755497e+00 -2.68090560e+00
 -2.57314492e+00 -2.44067261e+00 -8.72999731e+00 -2.58303716e+00
 -2.43801623e+00 -2.36813400e+00 -3.56921371e+01 -2.63430584e+00
 -2.35633451e+00 -2.42314900e+00 -3.54519650e+00 -2.58065164e+00
 -2.41667487e+00 -2.34135002e+00 -5.62231266e+00 -2.71346440e+00
 -2.42929309e+00 -2.37696886e+00 -3.99573283e+00 -2.66949128e+00
 -2.44518252e+00 -2.37311097e+00 -4.88712281e+00 -2.54284214e+00
 -2.44265517e+00 -2.40048714e+00 -4.03009582e+00 -2.79884758e+00
 -2.40124962e+00 -2.37659736e+00 -2.22245433e+01 -2.74943555e+00]
[7.74655692e-01 4.22616032e-01 3.70465833e+11 8.21347057e+06
 5.33073421e-01 4.56522555e-01 2.40984722e+11 1.83407548e+08
 5.70559318e-01 4.95951033e-01 8.20049478e+10 1.08865804e+08
 5.46177715e-01 4.42220029e-01 2.05490547e+11 1.10492637e+08
 6.97604933e-01 4.32986207e-01 9.08434808e+10 6.73610680e+07
 4.79853455e-01 4.21576732e-01 1.68815024e+11 2.25574861e+07
 4.44789740e-01 3.70334514e-01 4.85603501e+11 2.62578782e+07
 4.76180400e-01 4.70890721e-01 1.00199204e+11 3.66792738e+06
 5.41279149e-01 4.65399297e-01 1.64207482e+11 1.41896087e+00
 4.55713365e-01 4.03558884e-01 4.04961159e+11 6.69409092e-01
 4.44831834e-01 4.68417370e-01 1.36089668e+11 7.12149473e-01
 5.85451092e-01 4.47737021e-01 4.56544629e+10 7.74275592e-01
 5.24772133e-01 4.88996444e-01 2.22984701e+11 5.55171599e-01
 4.28268361e-01 4.09077043e-01 1.18742126e+11 6.82126614e-01
 5.48170852e-01 4.75223081e-01 1.40243787e+11 4.59273858e-01
 4.86014295e-01 4.32574221e-01 4.82798830e+11 4.43580688e-01
 5.46526259e-01 4.98977150e-01 7.67274877e+00 4.62790474e-01
 4.33282104e-01 3.90631290e-01 4.11514804e-01 3.73259386e-01
 4.72113064e-01 4.66937502e-01 5.03762524e+00 6.08433038e-01
 5.27902379e-01 4.53307500e-01 1.57610588e+00 4.44550054e-01
 5.24624291e-01 4.57908246e-01 9.62051516e+00 8.45387387e-01
 4.91293436e-01 4.53591195e-01 5.04116005e+00 6.28268735e-01
 4.62973199e-01 4.19910550e-01 1.35063173e+00 4.53785280e-01
 4.69584335e-01 4.41519965e-01 3.04458311e+00 6.75310405e-01
 5.68570608e-01 4.37380925e-01 1.32444828e+01 4.43673431e-01
 5.62889891e-01 4.77934310e-01 8.75460728e+01 4.51712256e-01
 4.26719313e-01 5.49923769e-01 1.44902852e+00 4.39450796e-01
 4.49496958e-01 4.13357470e-01 4.60855601e+00 5.29233195e-01
 4.62190537e-01 4.79318452e-01 1.01997790e+00 7.16104539e-01
 5.01850521e-01 4.46254993e-01 4.87910623e+00 4.18986740e-01
 4.53916659e-01 5.10867941e-01 3.49904875e+00 4.86274395e-01
 4.57274943e-01 4.60025411e-01 3.34549727e+01 7.38819625e-01]
[ 76  28 125 106  52  30 124 112  56  18 117 111  58   3 119 110  82   8
 114 109  29  19 122 108  11   9 126 107  51  14 115 105  69  12 123  89
  62  22 128  85  68   5 118  84  61   4 113  87  50  32 121  67  45  17
 116  66  78  27 120  55  49  10 127  64  57  26 100  80  33   1  88  70
  36  25  99  54  46   6  92  72  60  15 101  86  48  24  97  83  43  31
  90  73  47  23  95  75  59  41 102  65  40  13 104  71   7  38  91  63
  37   2  98  77  39  21  93  74  44  16  96  53  42  34  94  81  35  20
 103  79]
wind_med
[
    {
        'scaler': [None, StandardScaler()],
        'pca': [None, PCA(n_components=0.95)],
        'regressor__alpha': [0.0001, 0.001, 0.01, 0.1],
        'regressor__epsilon': [0.01, 0.1, 0.2, 1],
        'regressor__loss': [
            'epsilon_insensitive',
            'squared_epsilon_insensitive'
        ]
    }
]
[-2.28431887e+00 -2.09652719e+00 -1.14795867e+11 -2.09258277e+07
 -2.34729198e+00 -2.04217688e+00 -1.01119126e+11 -9.94029484e+06
 -2.18903382e+00 -2.13066179e+00 -2.01101529e+11 -7.15943111e+07
 -2.26256482e+00 -2.07991041e+00 -2.93719209e+11 -3.31694564e+07
 -2.23633665e+00 -2.06467717e+00 -2.14208362e+11 -7.40828227e+07
 -2.13732616e+00 -2.11844560e+00 -2.63956460e+11 -9.65524054e+06
 -2.22478704e+00 -2.10469167e+00 -1.67426301e+11 -1.88096825e+06
 -2.36716050e+00 -2.05321508e+00 -2.03742923e+11 -1.88440532e+05
 -2.41979515e+00 -2.05684691e+00 -2.43365414e+11 -9.55304484e+00
 -2.20056649e+00 -2.11695966e+00 -1.43564518e+11 -1.02396186e+04
 -2.32179265e+00 -2.07878929e+00 -1.76690785e+11 -2.63549323e+00
 -2.27819825e+00 -2.05780826e+00 -1.64284815e+11 -2.37295787e+00
 -2.24420249e+00 -2.06903902e+00 -2.30464363e+11 -2.10250045e+00
 -2.25312901e+00 -2.10905685e+00 -1.49532322e+11 -2.20195883e+00
 -2.15314183e+00 -2.07551415e+00 -2.19099009e+11 -2.33703281e+00
 -2.33044111e+00 -2.04696846e+00 -3.54745539e+11 -2.34333168e+00
 -2.15407029e+00 -2.08087960e+00 -2.27877457e+01 -2.43223414e+00
 -2.12031504e+00 -2.08018138e+00 -2.40997456e+01 -2.21459455e+00
 -2.14178215e+00 -2.09753846e+00 -1.18060049e+01 -2.38982164e+00
 -2.07105080e+00 -2.07319247e+00 -1.04594449e+01 -2.20217527e+00
 -2.10238241e+00 -2.08697653e+00 -5.07210188e+00 -2.75389916e+00
 -2.20426065e+00 -2.05509778e+00 -3.36651779e+00 -2.24999047e+00
 -2.14678595e+00 -2.09974759e+00 -2.70078767e+00 -2.43915767e+00
 -2.17451195e+00 -2.10996502e+00 -5.00803478e+00 -2.23763552e+00
 -2.21051329e+00 -2.08410863e+00 -4.17651826e+00 -2.66888479e+00
 -2.16553657e+00 -2.10542015e+00 -6.78239128e+00 -2.25147125e+00
 -2.12790192e+00 -2.11966231e+00 -1.08732951e+01 -2.98810935e+00
 -2.20712325e+00 -2.08312528e+00 -7.83433725e+00 -2.20638076e+00
 -2.15556480e+00 -2.09771296e+00 -4.66907290e+00 -2.44283075e+00
 -2.19221644e+00 -2.09126969e+00 -5.67507539e+00 -2.23446117e+00
 -2.13727282e+00 -2.09906772e+00 -3.37898447e+00 -2.33560142e+00
 -2.13157472e+00 -2.09256813e+00 -3.45352815e+00 -2.44906004e+00]
[5.34154170e-01 4.69981681e-01 8.38562707e+10 5.21377890e+07
 7.15372254e-01 4.33789822e-01 5.02283788e+10 2.88497787e+07
 8.73068425e-01 5.01774678e-01 3.37729580e+11 1.06024764e+08
 5.41670366e-01 4.63385328e-01 4.89312770e+11 7.06446114e+07
 4.21908184e-01 4.39612067e-01 2.02821035e+11 2.16455242e+08
 5.18124938e-01 5.08462561e-01 1.64267127e+11 1.78354007e+07
 4.49385816e-01 4.58584443e-01 1.43700658e+11 3.89475955e+06
 6.26253185e-01 4.50454108e-01 1.78646943e+11 3.71949118e+05
 6.17225130e-01 4.54546522e-01 2.50363499e+11 2.11468557e+01
 5.79300531e-01 5.41829266e-01 1.64210192e+11 3.07114821e+04
 6.69473681e-01 4.75977438e-01 1.50463562e+11 7.78534710e-01
 4.82239635e-01 4.46264709e-01 2.23900871e+11 5.53773238e-01
 6.18265055e-01 4.85799351e-01 3.89929770e+11 4.84499775e-01
 6.42887499e-01 4.89029274e-01 7.97726062e+10 4.33736807e-01
 5.44612050e-01 4.49992266e-01 2.90428277e+11 5.25700908e-01
 7.25387101e-01 4.85239571e-01 2.76937687e+11 4.72228801e-01
 5.24391974e-01 5.13932537e-01 3.76977910e+01 6.92765317e-01
 4.34437377e-01 4.56307905e-01 5.32265443e+01 4.89878073e-01
 5.58388503e-01 5.26181010e-01 1.67254085e+01 4.30833294e-01
 4.56570902e-01 4.93829081e-01 2.16955013e+01 4.60702969e-01
 5.07654592e-01 4.90208623e-01 4.06422215e+00 1.00471226e+00
 4.76959044e-01 4.68587610e-01 2.08480974e+00 5.31525856e-01
 6.06436266e-01 5.06793133e-01 7.70192608e-01 3.66693314e-01
 6.00047946e-01 5.51300850e-01 4.51182070e+00 5.80174485e-01
 5.06747429e-01 4.64853311e-01 2.65640944e+00 6.72804746e-01
 4.85493679e-01 5.15773656e-01 7.38940715e+00 4.31018130e-01
 5.21938366e-01 5.25857428e-01 1.66795565e+01 2.14460736e+00
 5.30158699e-01 5.14951364e-01 1.16828658e+01 3.80224055e-01
 5.11518335e-01 5.28144457e-01 2.94976869e+00 4.84773090e-01
 5.43431460e-01 4.72989797e-01 7.92697695e+00 4.54323845e-01
 4.81675791e-01 5.30766454e-01 1.10549581e+00 4.65298685e-01
 5.13680633e-01 5.04418986e-01 1.71763117e+00 4.36456449e-01]
[ 68  21 114 109  74   1 113 108  48  37 120 111  66  13 127 110  60   7
 122 112  40  33 126 107  58  28 118 106  75   3 121 105  78   5 125  98
  50  32 115 104  69  12 119  83  67   6 117  76  62   8 124  27  65  30
 116  51  43  11 123  72  70   2 128  73  44  15 102  79  35  14 103  57
  41  22 101  77   9  10  99  52  26  18  94  86  53   4  88  63  42  25
  85  80  47  31  93  61  56  17  91  84  46  29  96  64  36  34 100  87
  55  16  97  54  45  23  92  81  49  19  95  59  39  24  89  71  38  20
  90  82]
shww_max
[
    {
        'scaler': [None, StandardScaler()],
        'pca': [None, PCA(n_components=0.95)],
        'regressor__alpha': [0.0001, 0.001, 0.01, 0.1],
        'regressor__epsilon': [0.01, 0.1, 0.2, 1],
        'regressor__loss': [
            'epsilon_insensitive',
            'squared_epsilon_insensitive'
        ]
    }
]
[-1.25904750e+00 -9.38131856e-01 -1.44657708e+11 -2.19692376e+06
 -1.40554374e+00 -9.38839326e-01 -1.51971099e+11 -5.98157144e+06
 -1.32811133e+00 -9.60883800e-01 -2.31904330e+11 -4.06851255e+05
 -1.09787685e+00 -9.87935121e-01 -1.13018747e+11 -2.50541154e+07
 -1.26332309e+00 -9.11304400e-01 -2.88857504e+11 -2.05045183e+09
 -1.08744092e+00 -9.66619441e-01 -1.27893284e+11 -9.23100050e+06
 -1.08167280e+00 -9.28679460e-01 -2.05454771e+11 -8.98472290e+04
 -1.08310231e+00 -9.62150878e-01 -1.90671410e+11 -2.41413940e+07
 -1.15168879e+00 -9.29387533e-01 -3.64220321e+11 -1.32744811e+00
 -1.21778308e+00 -9.40875781e-01 -2.62678991e+11 -1.27468407e+00
 -1.03928437e+00 -9.24191829e-01 -1.85791370e+11 -1.34226467e+00
 -1.19333886e+00 -9.83347419e-01 -4.28833783e+11 -1.46536341e+08
 -1.26286674e+00 -9.14090350e-01 -1.81223672e+11 -1.03891214e+00
 -1.28594291e+00 -9.13982200e-01 -2.91715512e+11 -1.02436042e+00
 -1.20207734e+00 -9.22393968e-01 -1.94414261e+11 -1.07683264e+00
 -1.02322360e+00 -9.56599219e-01 -2.11155651e+11 -1.06331836e+00
 -1.02787457e+00 -9.66125214e-01 -3.07971448e+00 -1.10948307e+00
 -9.92496973e-01 -9.36657648e-01 -1.56572669e+00 -1.07008110e+00
 -9.65206964e-01 -9.33247328e-01 -4.74640384e+00 -9.88683094e-01
 -9.86108396e-01 -9.71853214e-01 -3.72733742e+00 -1.09596255e+00
 -9.86539260e-01 -9.55134425e-01 -1.05783831e+01 -1.14137583e+00
 -9.48252727e-01 -9.48815993e-01 -1.48110850e+00 -1.16116036e+00
 -1.00797624e+00 -9.30366616e-01 -2.25281645e+00 -1.12439764e+00
 -9.54667630e-01 -9.44964117e-01 -2.56738274e+00 -1.05843395e+00
 -9.53096839e-01 -9.25656954e-01 -1.98714321e+00 -1.04611863e+00
 -9.81126619e-01 -9.44816195e-01 -1.31199158e+00 -1.31599136e+00
 -9.97239330e-01 -9.37501396e-01 -7.02976922e+00 -1.17433987e+00
 -1.00780897e+00 -9.77042726e-01 -1.21364720e+01 -1.47738055e+00
 -9.42107533e-01 -9.67562330e-01 -1.79383102e+00 -1.19089997e+00
 -9.41007247e-01 -9.57918393e-01 -3.12369713e+00 -1.01510834e+00
 -9.87108540e-01 -9.71823824e-01 -2.39081267e+00 -1.58087182e+00
 -1.01816194e+00 -9.24914509e-01 -2.66661036e+00 -1.04408515e+00]
[4.54542323e-01 3.83542858e-01 1.41210047e+11 4.51377647e+06
 6.24459333e-01 3.85654569e-01 1.06983683e+11 1.78124660e+07
 2.57649090e-01 4.11622876e-01 1.86390008e+11 8.64846417e+05
 7.54845520e-01 3.76090167e-01 6.96665125e+10 7.10143953e+07
 6.24174771e-01 3.77420850e-01 5.58347267e+11 6.14603289e+09
 5.24591623e-01 4.24603625e-01 7.10833560e+10 2.69931594e+07
 3.65419337e-01 4.03204793e-01 2.57359867e+11 1.63928269e+05
 4.09672111e-01 3.80051630e-01 2.45117036e+11 4.59163764e+07
 4.65909411e-01 3.97137683e-01 4.34261303e+11 4.99570912e-01
 5.96088084e-01 3.69639893e-01 2.20758380e+11 5.24445358e-01
 4.35882448e-01 3.77806746e-01 1.39136170e+11 5.59183880e-01
 5.64119785e-01 4.01431427e-01 5.03856842e+11 4.39609019e+08
 6.32685848e-01 3.93804248e-01 2.76692601e+11 4.15331951e-01
 3.64982976e-01 3.83705758e-01 3.32993523e+11 4.46900924e-01
 5.07178980e-01 4.00660565e-01 1.61149637e+11 4.67398769e-01
 4.43267836e-01 3.71596684e-01 2.45816865e+11 3.31926822e-01
 5.19607365e-01 4.55272180e-01 4.36391510e+00 4.03872183e-01
 4.14059315e-01 3.86129576e-01 1.07054799e+00 4.36147557e-01
 4.34874821e-01 3.93823496e-01 6.39913179e+00 4.35811809e-01
 3.86115831e-01 4.45317352e-01 5.36062648e+00 3.58311128e-01
 4.00888972e-01 4.09680678e-01 2.42906266e+01 5.07231621e-01
 4.03908123e-01 4.31523249e-01 9.94909988e-01 4.11102129e-01
 3.82810522e-01 4.04898354e-01 1.77091304e+00 3.68538541e-01
 4.25350821e-01 4.20573206e-01 2.36798569e+00 3.45002517e-01
 4.14529859e-01 4.17017491e-01 1.87164990e+00 3.85466086e-01
 4.09771902e-01 3.76164066e-01 6.24180463e-01 6.54300697e-01
 4.54451228e-01 4.22892198e-01 1.22737670e+01 3.49675765e-01
 3.62926935e-01 3.65444268e-01 2.37833931e+01 8.43331319e-01
 4.07612648e-01 4.56213773e-01 1.22879271e+00 4.48654536e-01
 4.10773631e-01 4.61008676e-01 5.22699867e+00 3.65354461e-01
 4.08575859e-01 4.09112602e-01 1.57159431e+00 1.82485421e+00
 3.76122366e-01 3.83395117e-01 2.04862711e+00 4.05708752e-01]
[ 76  14 115 106  86  15 116 107  84  28 123 105  65  42 113 110  78   1
 125 112  63  32 114 108  61   8 121 104  62  29 119 109  69   9 127  83
  75  16 124  79  54   5 118  85  73  38 128 111  77   3 117  53  80   2
 126  51  74   4 120  60  50  26 122  58  52  31  97  66  44  12  89  59
  30  11 100  43  39  35  99  64  40  25 102  68  21  22  88  70  47  10
  93  67  24  20  95  57  23   7  92  56  37  19  81  82  45  13 101  71
  46  36 103  87  18  33  91  72  17  27  98  48  41  34  94  90  49   6
  96  55]
shww_med
[
    {
        'scaler': [None, StandardScaler()],
        'pca': [None, PCA(n_components=0.95)],
        'regressor__alpha': [0.0001, 0.001, 0.01, 0.1],
        'regressor__epsilon': [0.01, 0.1, 0.2, 1],
        'regressor__loss': [
            'epsilon_insensitive',
            'squared_epsilon_insensitive'
        ]
    }
]
[-1.06630122e+00 -7.32270400e-01 -1.48876236e+11 -1.05617106e+06
 -8.98539929e-01 -7.12152577e-01 -1.25812077e+11 -2.53198966e+07
 -9.14579109e-01 -7.24785675e-01 -1.75293166e+11 -1.22513084e+04
 -9.18206921e-01 -7.70205678e-01 -1.70419533e+11 -1.31451072e+07
 -1.09954692e+00 -7.32486764e-01 -2.52463234e+11 -2.95219234e+06
 -1.17579865e+00 -7.23376201e-01 -1.23345114e+11 -5.16363208e+06
 -1.04725085e+00 -7.28559875e-01 -2.95465923e+11 -1.77168266e+05
 -9.86130458e-01 -8.04545800e-01 -6.98487033e+10 -1.08680561e+06
 -1.07943333e+00 -7.13034997e-01 -1.61376886e+11 -1.30224074e+00
 -8.58944654e-01 -7.18906011e-01 -8.44951958e+10 -9.59506865e-01
 -1.08930841e+00 -7.05408135e-01 -1.52233823e+11 -9.92976813e-01
 -9.93585227e-01 -7.47623905e-01 -2.10572717e+11 -1.22594829e+00
 -8.89268697e-01 -7.27558438e-01 -2.44450218e+11 -9.16044534e-01
 -9.01629644e-01 -7.17525714e-01 -2.76032884e+11 -8.93508113e-01
 -7.92324368e-01 -7.26700110e-01 -2.17843772e+11 -7.84298618e-01
 -9.56400758e-01 -7.37612130e-01 -8.26410877e+10 -8.86640885e-01
 -7.46242422e-01 -7.39540018e-01 -3.16766920e+00 -7.81879321e-01
 -7.65955828e-01 -7.24488130e-01 -1.55286276e+00 -9.43821075e-01
 -7.60161546e-01 -7.28870788e-01 -1.12310512e+01 -8.86836190e-01
 -7.62861109e-01 -7.49955471e-01 -1.53116453e+00 -8.84165982e-01
 -8.06990208e-01 -7.44208007e-01 -1.00894423e+00 -8.38968275e-01
 -7.62081366e-01 -7.33237069e-01 -3.96983712e+00 -9.38657395e-01
 -7.62277099e-01 -7.08682986e-01 -2.42142869e+00 -1.14550088e+00
 -7.90029149e-01 -7.43394772e-01 -1.38586225e+00 -9.46600434e-01
 -7.29927015e-01 -7.20535386e-01 -1.15983678e+00 -7.98262032e-01
 -7.47119038e-01 -7.21020191e-01 -3.11188741e+00 -9.16109314e-01
 -7.89328442e-01 -7.25463100e-01 -9.98201778e+00 -8.43850974e-01
 -7.57149289e-01 -7.62948020e-01 -8.02072088e+00 -1.15995622e+00
 -7.76453775e-01 -7.28806179e-01 -5.31631309e+00 -8.66407163e-01
 -7.61829216e-01 -7.10693215e-01 -3.09989782e+00 -9.13516041e-01
 -7.34846322e-01 -7.39295880e-01 -4.40676604e+00 -8.35091995e-01
 -7.69363994e-01 -7.26422701e-01 -1.95765076e+00 -1.03538889e+00]
[4.09166414e-01 3.22992898e-01 1.86712022e+11 2.04808432e+06
 4.07123076e-01 3.17879917e-01 9.05995261e+10 7.24871460e+07
 3.36664520e-01 3.40973956e-01 1.85151313e+11 2.74853933e+04
 4.84882110e-01 3.08497536e-01 1.09275580e+11 2.46831191e+07
 5.01029987e-01 3.13081067e-01 2.86913791e+11 6.63302968e+06
 5.44674132e-01 3.29562794e-01 1.49251534e+11 1.54154740e+07
 5.99188963e-01 3.37585780e-01 4.62522038e+11 2.53012584e+05
 7.00583300e-01 3.10936364e-01 3.48743741e+10 2.82958661e+06
 6.13908646e-01 3.18329174e-01 1.07567349e+11 1.09292361e+00
 3.83549306e-01 3.18023208e-01 6.84220907e+10 3.67133379e-01
 6.30478319e-01 3.19817156e-01 1.54214494e+11 3.72620289e-01
 3.99858124e-01 3.21898712e-01 1.74165223e+11 5.95340357e-01
 4.11953197e-01 3.61190408e-01 2.74492849e+11 2.88520271e-01
 4.28955138e-01 3.38566552e-01 2.43453401e+11 3.92957991e-01
 3.75505376e-01 3.24762645e-01 2.74830739e+11 2.67232681e-01
 3.74001719e-01 3.44684463e-01 5.17263232e+10 3.32766705e-01
 3.38846136e-01 3.48245266e-01 4.32908235e+00 3.15596135e-01
 3.79101452e-01 3.68681580e-01 7.29705111e-01 5.06517170e-01
 3.90301055e-01 3.29237414e-01 2.86890335e+01 3.03566904e-01
 3.02730087e-01 3.46946040e-01 6.52620491e-01 2.87961781e-01
 4.73382120e-01 3.91193562e-01 3.97892048e-01 3.72859185e-01
 3.20868550e-01 3.84501734e-01 5.05068972e+00 3.70619022e-01
 3.29436764e-01 3.54510235e-01 3.61986345e+00 8.41906907e-01
 2.63525095e-01 3.40682588e-01 8.78326806e-01 3.55129057e-01
 3.62686855e-01 3.58601206e-01 5.31278497e-01 3.10450487e-01
 3.94335993e-01 3.38502748e-01 6.74818902e+00 2.73433430e-01
 3.88742619e-01 3.65801952e-01 2.46069139e+01 3.94794019e-01
 3.08612717e-01 3.00507478e-01 1.52710377e+01 7.47413307e-01
 2.93752876e-01 4.05838729e-01 8.55644046e+00 3.04206763e-01
 3.61420898e-01 3.53703665e-01 4.45891635e+00 3.67177458e-01
 3.72439968e-01 3.50144540e-01 3.65434375e+00 2.49093078e-01
 3.29189849e-01 2.96564862e-01 9.71940805e-01 3.16875734e-01]
[ 81  21 118 107  63   4 117 112  66  12 122 105  69  43 121 111  84  22
 126 109  88  10 116 110  80  17 128 106  75  51 113 108  82   5 120  90
  56   7 115  74  83   1 119  76  77  32 123  89  61  16 125  67  64   6
 127  62  49  15 124  46  73  25 114  59  30  27  98  45  41  11  93  71
  35  19 104  60  39  33  92  58  52  29  78  54  37  23  99  70  38   2
  95  85  48  28  91  72  20   8  86  50  31   9  97  68  47  13 103  55
  34  40 102  87  44  18 101  57  36   3  96  65  24  26 100  53  42  14
  94  79]
mdts_sin
[
    {
        'scaler': [None, StandardScaler()],
        'pca': [None, PCA(n_components=0.95)],
        'regressor__alpha': [0.0001, 0.001, 0.01, 0.1],
        'regressor__epsilon': [0.01, 0.1, 0.2, 1],
        'regressor__loss': [
            'epsilon_insensitive',
            'squared_epsilon_insensitive'
        ]
    }
]
[-4.85601008e-01 -1.34076457e-01 -1.55048513e+11 -2.38785597e+07
 -4.12740655e-01 -1.32123555e-01 -1.46730655e+11 -3.32961183e+06
 -2.31322172e-01 -1.52396260e-01 -1.03199598e+11 -6.11660678e+06
 -7.19923154e-01 -7.19923154e-01 -7.19923154e-01 -7.19923154e-01
 -4.48224880e-01 -1.55281036e-01 -8.40399263e+10 -1.55613022e+05
 -3.53788715e-01 -1.21420905e-01 -2.80335302e+11 -9.42845939e+04
 -4.75993230e-01 -1.67567557e-01 -2.10355040e+11 -8.58544552e+06
 -7.19923154e-01 -7.19923154e-01 -7.19923154e-01 -7.19923154e-01
 -4.61578189e-01 -1.53686577e-01 -1.20113216e+11 -3.63893581e+07
 -3.80066302e-01 -1.25614709e-01 -3.10723227e+11 -2.96260642e-01
 -7.92624214e-01 -1.29997078e-01 -2.62150638e+11 -1.50683298e+05
 -7.19923154e-01 -7.19923154e-01 -7.19923154e-01 -7.19923154e-01
 -3.75498084e-01 -1.56448105e-01 -3.19260906e+11 -1.08267706e-01
 -4.77026210e-01 -1.22682064e-01 -1.90549266e+11 -1.22484624e-01
 -3.16929435e-01 -1.49440974e-01 -1.37878299e+11 -1.23743839e-01
 -7.19923154e-01 -7.19923154e-01 -7.19923154e-01 -7.19923154e-01
 -1.74133660e-01 -1.28261316e-01 -1.93588614e-01 -1.17056085e-01
 -1.91014084e-01 -1.41401251e-01 -1.44447217e-01 -1.10190475e-01
 -2.04109891e-01 -1.21982203e-01 -1.30998108e-01 -1.34897737e-01
 -7.19923154e-01 -7.19923154e-01 -7.19923154e-01 -7.19923154e-01
 -2.59863231e-01 -1.39039380e-01 -2.62889831e-01 -9.91560673e-02
 -1.31891297e-01 -1.54095705e-01 -1.46154712e-01 -1.21273686e-01
 -1.44626113e-01 -1.33712868e-01 -1.88288342e-01 -1.39240220e-01
 -7.19923154e-01 -7.19923154e-01 -7.19923154e-01 -7.19923154e-01
 -1.80265435e-01 -1.21122127e-01 -3.17784738e-01 -1.10794039e-01
 -2.15579279e-01 -1.36355140e-01 -1.54731865e-01 -1.03720162e-01
 -2.67033411e-01 -1.21944249e-01 -1.90724953e-01 -1.21789789e-01
 -7.19923154e-01 -7.19923154e-01 -7.19923154e-01 -7.19923154e-01
 -2.67336337e-01 -1.29905960e-01 -2.53597974e-01 -1.10491244e-01
 -1.60621381e-01 -1.51434653e-01 -2.03666813e-01 -1.03839856e-01
 -2.07439048e-01 -1.24202193e-01 -2.51156767e-01 -1.37665401e-01
 -7.19923154e-01 -7.19923154e-01 -7.19923154e-01 -7.19923154e-01]
[2.42870621e-01 3.87099812e-02 1.90089941e+11 7.03256231e+07
 3.01639777e-01 6.16902137e-02 1.54193949e+11 8.16018043e+06
 8.24421341e-02 3.95673597e-02 5.88068087e+10 1.32234075e+07
 1.92818834e-02 1.92818834e-02 1.92818834e-02 1.92818834e-02
 2.26652676e-01 5.77911863e-02 3.64223481e+10 4.54346898e+05
 3.61501877e-01 3.83998184e-02 3.02248516e+11 1.50021625e+05
 3.72663540e-01 6.16063238e-02 1.86604138e+11 1.81496463e+07
 1.92818834e-02 1.92818834e-02 1.92818834e-02 1.92818834e-02
 3.32819235e-01 6.96906686e-02 1.00608135e+11 1.09168073e+08
 2.56165564e-01 5.84537572e-02 4.55449830e+11 1.51554895e-01
 7.05975316e-01 5.26447768e-02 3.36203219e+11 4.52048840e+05
 1.92818834e-02 1.92818834e-02 1.92818834e-02 1.92818834e-02
 1.41860224e-01 4.62522498e-02 6.25650556e+11 4.88850751e-02
 3.39292470e-01 4.27300340e-02 1.50265223e+11 4.01458262e-02
 2.19245223e-01 6.54458511e-02 9.26682217e+10 3.26595418e-02
 1.92818834e-02 1.92818834e-02 1.92818834e-02 1.92818834e-02
 6.16539882e-02 5.27914434e-02 2.08891126e-01 5.49306290e-02
 1.17587547e-01 4.54481265e-02 5.82232483e-02 4.22128818e-02
 1.66824392e-01 5.04347764e-02 5.65232806e-02 5.31273939e-02
 1.92818834e-02 1.92818834e-02 1.92818834e-02 1.92818834e-02
 2.02630630e-01 5.99578223e-02 3.51556255e-01 4.51986491e-02
 3.98488535e-02 6.52469478e-02 6.75357895e-02 8.47913804e-02
 4.56245465e-02 6.28060471e-02 6.49584123e-02 5.00231182e-02
 1.92818834e-02 1.92818834e-02 1.92818834e-02 1.92818834e-02
 7.54066897e-02 3.84273362e-02 2.60584912e-01 4.45892795e-02
 1.42655438e-01 4.85112114e-02 7.47906265e-02 3.98613933e-02
 1.55214836e-01 4.77771534e-02 1.72089685e-01 3.27970566e-02
 1.92818834e-02 1.92818834e-02 1.92818834e-02 1.92818834e-02
 1.71858192e-01 5.30127162e-02 2.68122964e-01 4.16166376e-02
 7.25418773e-02 5.50441870e-02 1.92621679e-01 4.31442148e-02
 1.35918323e-01 4.73383503e-02 2.30257043e-01 5.21632696e-02
 1.92818834e-02 1.92818834e-02 1.92818834e-02 1.92818834e-02]
[ 75  27 122 115  70  25 121 112  57  39 118 113  76  76  76  76  71  43
 117 111  67  11 126 109  73  46 124 114  76  76  76  76  72  40 119 116
  69  19 127  64 108  22 125 110  76  76  76  76  68  44 128   4  74  16
 123  15  65  37 120  17  76  76  76  76  47  20  52   8  51  33  34   5
  54  14  23  28  76  76  76  76  60  31  61   1  24  41  36  10  35  26
  49  32  76  76  76  76  48   9  66   7  56  29  42   2  62  13  50  12
  76  76  76  76  63  21  59   6  45  38  53   3  55  18  58  30  76  76
  76  76]
mdts_cos
[
    {
        'scaler': [None, StandardScaler()],
        'pca': [None, PCA(n_components=0.95)],
        'regressor__alpha': [0.0001, 0.001, 0.01, 0.1],
        'regressor__epsilon': [0.01, 0.1, 0.2, 1],
        'regressor__loss': [
            'epsilon_insensitive',
            'squared_epsilon_insensitive'
        ]
    }
]
[-5.34232513e-01 -1.44843512e-01 -1.19777700e+11 -1.16518092e+05
 -3.81768827e-01 -1.38105461e-01 -1.07703573e+11 -2.97076810e+06
 -6.33511577e-01 -1.33789090e-01 -1.25943362e+11 -6.62287220e+06
 -6.89188155e-01 -6.89188155e-01 -6.89188155e-01 -6.89188155e-01
 -4.26547552e-01 -1.47411887e-01 -3.79556301e+11 -8.40407782e+06
 -5.17952407e-01 -1.41251140e-01 -2.38899160e+11 -9.39651048e+06
 -4.04390232e-01 -1.46772296e-01 -3.08437930e+11 -4.77295449e+07
 -6.89188155e-01 -6.89188155e-01 -6.89188155e-01 -6.89188155e-01
 -4.02297582e-01 -1.41378885e-01 -1.43009565e+11 -6.88629467e+06
 -4.30815777e-01 -1.35718201e-01 -1.82285865e+11 -4.24293898e+06
 -4.45617170e-01 -1.36258992e-01 -1.94031978e+11 -2.63050548e+05
 -6.89188155e-01 -6.89188155e-01 -6.89188155e-01 -6.89188155e-01
 -5.77983994e-01 -1.66031109e-01 -3.13813256e+11 -1.11033377e-01
 -4.99151551e-01 -1.40398302e-01 -8.17251119e+10 -1.23879491e-01
 -2.35558707e-01 -1.46383165e-01 -1.85135451e+11 -1.33016634e-01
 -6.89188155e-01 -6.89188155e-01 -6.89188155e-01 -6.89188155e-01
 -2.08649578e-01 -1.37866455e-01 -1.77786575e-01 -1.20301151e-01
 -2.86713904e-01 -1.36892187e-01 -2.48435697e-01 -1.18004105e-01
 -1.60442715e-01 -1.37523639e-01 -1.48419859e-01 -1.29159204e-01
 -6.89188155e-01 -6.89188155e-01 -6.89188155e-01 -6.89188155e-01
 -2.33509326e-01 -1.25517158e-01 -1.88012265e-01 -1.03356106e-01
 -1.69052197e-01 -1.57425891e-01 -1.43998687e-01 -1.08326943e-01
 -2.07682062e-01 -1.44024257e-01 -2.61021593e-01 -1.36754073e-01
 -6.89188155e-01 -6.89188155e-01 -6.89188155e-01 -6.89188155e-01
 -2.00385407e-01 -1.43664281e-01 -1.84089565e-01 -1.17446804e-01
 -2.24603922e-01 -1.33232257e-01 -1.56431905e-01 -1.16099674e-01
 -2.05408249e-01 -1.49122410e-01 -2.12776796e-01 -1.40709278e-01
 -6.89188155e-01 -6.89188155e-01 -6.89188155e-01 -6.89188155e-01
 -2.46737648e-01 -1.49240314e-01 -2.87898767e-01 -1.32955959e-01
 -1.76734816e-01 -1.16677907e-01 -1.60087725e-01 -1.09556862e-01
 -2.15116484e-01 -1.46182868e-01 -1.61293992e-01 -1.34978761e-01
 -6.89188155e-01 -6.89188155e-01 -6.89188155e-01 -6.89188155e-01]
[2.31080410e-01 4.96019305e-02 5.35046911e+10 2.80129968e+05
 2.08436460e-01 3.98867738e-02 8.73255947e+10 7.80804066e+06
 6.03780135e-01 3.24207184e-02 8.06135439e+10 1.63182523e+07
 1.89723852e-02 1.89723852e-02 1.89723852e-02 1.89723852e-02
 2.22249003e-01 4.74560349e-02 7.77287893e+11 2.50693212e+07
 3.44482315e-01 4.05897192e-02 1.84682219e+11 2.49248477e+07
 4.51808404e-01 4.62666291e-02 5.34620694e+11 1.40737624e+08
 1.89723852e-02 1.89723852e-02 1.89723852e-02 1.89723852e-02
 2.43695388e-01 4.90844642e-02 1.26726909e+11 2.06588831e+07
 2.33538641e-01 4.47306245e-02 2.79111942e+11 1.27288160e+07
 4.61594925e-01 3.55678333e-02 2.63753200e+11 7.89150318e+05
 1.89723852e-02 1.89723852e-02 1.89723852e-02 1.89723852e-02
 2.44259408e-01 4.55135849e-02 4.61363938e+11 3.81811381e-02
 2.68061399e-01 4.71555495e-02 6.35960694e+10 3.42356737e-02
 9.36709926e-02 5.27797445e-02 1.71307793e+11 3.29514857e-02
 1.89723852e-02 1.89723852e-02 1.89723852e-02 1.89723852e-02
 1.30821636e-01 5.14560934e-02 9.74560024e-02 5.51732952e-02
 2.15020751e-01 4.64352116e-02 2.39709543e-01 2.93864755e-02
 7.58566040e-02 4.31520210e-02 4.25220589e-02 2.87672139e-02
 1.89723852e-02 1.89723852e-02 1.89723852e-02 1.89723852e-02
 1.89257673e-01 3.73994818e-02 8.64455737e-02 3.95743944e-02
 8.21275081e-02 5.96336674e-02 4.14588674e-02 3.23886146e-02
 1.27058817e-01 3.34820702e-02 2.96435119e-01 4.81983804e-02
 1.89723852e-02 1.89723852e-02 1.89723852e-02 1.89723852e-02
 1.05708418e-01 4.18029972e-02 1.21963437e-01 4.80108983e-02
 1.10734486e-01 5.76325259e-02 5.37312611e-02 4.19419577e-02
 1.38814589e-01 5.87479566e-02 1.06856162e-01 2.80707360e-02
 1.89723852e-02 1.89723852e-02 1.89723852e-02 1.89723852e-02
 1.26042898e-01 5.25220463e-02 2.80158883e-01 6.99094082e-02
 1.35676333e-01 4.09694357e-02 7.01087164e-02 3.49645281e-02
 1.68104990e-01 4.87915533e-02 6.10006423e-02 2.96648417e-02
 1.89723852e-02 1.89723852e-02 1.89723852e-02 1.89723852e-02]
[ 73  32 119 108  65  24 118 110  75  16 120 112  76  76  76  76  68  36
 128 114  72  27 125 115  67  35 126 116  76  76  76  76  66  28 121 113
  69  18 122 111  70  19 124 109  76  76  76  76  74  45 127   4  71  25
 117  10  59  34 123  14  76  76  76  76  54  23  48   9  63  21  61   8
  43  22  37  12  76  76  76  76  58  11  50   1  46  41  30   2  53  31
  62  20  76  76  76  76  51  29  49   7  57  15  40   5  52  38  55  26
  76  76  76  76  60  39  64  13  47   6  42   3  56  33  44  17  76  76
  76  76]
shts_max
[
    {
        'scaler': [None, StandardScaler()],
        'pca': [None, PCA(n_components=0.95)],
        'regressor__alpha': [0.0001, 0.001, 0.01, 0.1],
        'regressor__epsilon': [0.01, 0.1, 0.2, 1],
        'regressor__loss': [
            'epsilon_insensitive',
            'squared_epsilon_insensitive'
        ]
    }
]
[-1.00533268e+00 -5.86096429e-01 -2.08084825e+11 -5.94288911e+06
 -8.86660642e-01 -5.97037338e-01 -1.24751438e+11 -6.04586315e+06
 -8.07656549e-01 -5.71803046e-01 -7.52276072e+10 -1.55526253e+09
 -8.60395362e-01 -6.25655371e-01 -2.35024418e+11 -2.12908341e+05
 -8.58993336e-01 -6.09108512e-01 -2.54566318e+11 -4.37108171e+06
 -9.38680539e-01 -5.85280921e-01 -1.85953057e+11 -1.11574010e+07
 -9.31641597e-01 -5.85451728e-01 -1.74951957e+11 -5.13234890e+06
 -9.89312056e-01 -6.14392660e-01 -1.50513549e+11 -9.30993307e+06
 -7.80420938e-01 -6.01523883e-01 -1.43707667e+11 -3.10231383e+08
 -7.80719675e-01 -5.88769643e-01 -1.48796473e+11 -7.58914823e-01
 -7.31752880e-01 -5.86135637e-01 -1.27841301e+11 -4.14227132e+05
 -6.66925160e-01 -6.07018006e-01 -1.02723025e+11 -1.59374495e+05
 -8.43715411e-01 -5.97310855e-01 -1.52548751e+11 -6.26763600e-01
 -8.51053103e-01 -5.76227615e-01 -2.19706350e+11 -6.05033453e-01
 -8.09171976e-01 -5.65642653e-01 -1.13145644e+11 -6.08383658e-01
 -9.00770653e-01 -6.23307086e-01 -1.42695654e+11 -6.16119627e-01
 -6.89271694e-01 -6.20203179e-01 -9.57342143e-01 -6.78749332e-01
 -6.80216559e-01 -5.91939009e-01 -6.16188732e+00 -6.67401626e-01
 -6.37615480e-01 -5.71583535e-01 -9.98215720e-01 -6.57810319e-01
 -6.81975898e-01 -6.10698646e-01 -9.68586162e-01 -6.70007496e-01
 -6.70459231e-01 -5.88028972e-01 -1.57820512e+00 -6.24959740e-01
 -6.49580204e-01 -5.88891887e-01 -1.10016823e+00 -6.55924098e-01
 -7.02858357e-01 -5.78265926e-01 -9.13259488e-01 -6.78130229e-01
 -6.35064439e-01 -5.96207476e-01 -9.73339309e-01 -6.70025847e-01
 -5.82904481e-01 -6.12821095e-01 -1.07921622e+00 -6.44631977e-01
 -5.89724864e-01 -5.84140473e-01 -2.17447115e+00 -7.01049047e-01
 -6.05434533e-01 -6.14514902e-01 -9.43099936e-01 -6.35484003e-01
 -6.13220702e-01 -5.88180320e-01 -9.66198947e-01 -7.27278255e-01
 -6.34669571e-01 -5.91410343e-01 -1.00977739e+00 -8.01383727e-01
 -6.00984869e-01 -5.87291010e-01 -3.09974749e+00 -6.33097620e-01
 -6.00931554e-01 -6.12665870e-01 -1.00460234e+00 -7.01704499e-01
 -6.82989452e-01 -6.02468438e-01 -1.57788695e+00 -6.50556485e-01]
[5.53571636e-01 1.40183495e-01 1.84551481e+11 1.36591436e+07
 4.26108866e-01 1.40018671e-01 1.54802038e+11 1.07291719e+07
 2.88390969e-01 1.35069524e-01 4.10650775e+10 4.56167702e+09
 3.65889781e-01 1.38854244e-01 2.39701622e+11 3.28568409e+05
 4.28264453e-01 1.64420755e-01 3.49129234e+11 1.19427922e+07
 5.45417271e-01 1.50853780e-01 1.69927120e+11 2.28388144e+07
 9.25183726e-01 1.49662323e-01 2.57274081e+11 9.31584119e+06
 8.96924201e-01 1.46021851e-01 1.00114287e+11 1.52588994e+07
 1.97720256e-01 1.23671789e-01 1.10092924e+11 9.30694147e+08
 1.90747592e-01 1.49320960e-01 8.51002668e+10 2.09262497e-01
 2.22831756e-01 1.48235270e-01 1.44525032e+11 1.24267914e+06
 1.94306529e-01 1.43826936e-01 6.07144685e+10 4.78120825e+05
 3.05589245e-01 1.20490956e-01 1.05484773e+11 1.27031208e-01
 4.27923887e-01 1.44912409e-01 2.27392854e+11 1.10138512e-01
 3.83082233e-01 1.45302654e-01 6.51139099e+10 1.45380745e-01
 5.41815817e-01 9.58130405e-02 8.52706756e+10 1.38827120e-01
 1.58654669e-01 2.11195276e-01 5.72518214e-01 2.50607177e-01
 2.55192294e-01 1.58615190e-01 1.55883513e+01 1.72521353e-01
 1.77598629e-01 1.39068662e-01 6.11951642e-01 1.95871312e-01
 1.57484924e-01 1.53281400e-01 3.02313820e-01 1.52441500e-01
 2.36518341e-01 1.41366387e-01 1.12104975e+00 1.43110189e-01
 2.18482834e-01 1.36282852e-01 6.94027138e-01 1.30979066e-01
 2.66330704e-01 1.38316626e-01 5.19182288e-01 2.52534486e-01
 1.38782366e-01 1.54353593e-01 3.44550288e-01 1.25481834e-01
 1.38146607e-01 1.18961119e-01 4.64051422e-01 1.77469824e-01
 1.39965571e-01 1.31989170e-01 2.51729255e+00 1.79477334e-01
 1.86061379e-01 1.12123369e-01 3.96303428e-01 1.51192436e-01
 1.45571142e-01 1.35835688e-01 4.31387475e-01 3.23761503e-01
 1.69946244e-01 1.34109419e-01 4.91630990e-01 3.74365532e-01
 1.08878086e-01 1.63764475e-01 6.18060928e+00 1.36768283e-01
 1.57676096e-01 1.57164254e-01 5.65645647e-01 3.13678193e-01
 1.75717431e-01 1.49488851e-01 1.84807624e+00 1.47739524e-01]
[ 93  10 125 107  80  21 116 108  74   3 113 112  79  42 127 103  78  31
 128 105  84   8 124 110  83   9 123 106  90  36 121 109  71  25 119 111
  72  15 120  70  69  11 117 104  54  29 114 102  76  22 122  43  77   4
 126  27  75   1 115  30  81  40 118  38  64  39  86  60  61  19 101  55
  48   2  91  53  62  32  88  56  58  13  98  41  50  16  96  52  67   5
  82  59  46  20  89  57   6  34  95  49  17   7  99  65  28  37  85  47
  35  14  87  68  45  18  94  73  24  12 100  44  23  33  92  66  63  26
  97  51]
shts_med
[
    {
        'scaler': [None, StandardScaler()],
        'pca': [None, PCA(n_components=0.95)],
        'regressor__alpha': [0.0001, 0.001, 0.01, 0.1],
        'regressor__epsilon': [0.01, 0.1, 0.2, 1],
        'regressor__loss': [
            'epsilon_insensitive',
            'squared_epsilon_insensitive'
        ]
    }
]
[-1.00741057e+00 -5.46979353e-01 -1.81899602e+11 -2.68053862e+07
 -7.33156245e-01 -5.51152470e-01 -1.22423876e+11 -1.60521308e+07
 -6.02307545e-01 -5.32088311e-01 -1.61868742e+11 -2.02492564e+07
 -9.01685937e-01 -5.57071237e-01 -2.02449966e+11 -1.50780793e+07
 -8.28280908e-01 -5.51260416e-01 -1.56595673e+11 -2.08556746e+08
 -7.31208165e-01 -5.31153594e-01 -4.32987314e+11 -7.40863296e+05
 -7.73682507e-01 -5.20784378e-01 -2.09781522e+11 -1.21716392e+09
 -7.17898708e-01 -5.50756832e-01 -2.27412733e+11 -1.46573302e+07
 -8.75996148e-01 -5.08359342e-01 -2.76896719e+11 -6.06947355e-01
 -7.63356281e-01 -5.25957855e-01 -1.49470361e+11 -3.60728012e+05
 -8.43367912e-01 -5.28409702e-01 -5.16645798e+11 -6.67856659e-01
 -5.86231844e-01 -5.46839589e-01 -2.00667596e+11 -4.43742708e+08
 -8.61970708e-01 -5.13454173e-01 -1.77878417e+11 -6.08775595e-01
 -6.52608283e-01 -5.27731881e-01 -2.77718594e+11 -6.14054712e-01
 -8.35141964e-01 -4.94525018e-01 -2.70300417e+11 -5.45635831e-01
 -6.38383512e-01 -5.64108352e-01 -1.44892000e+11 -5.97310400e-01
 -5.98269641e-01 -5.41199722e-01 -9.79181625e-01 -5.29505675e-01
 -5.88856900e-01 -5.24766252e-01 -7.84389034e-01 -5.42896748e-01
 -5.80209399e-01 -5.32440481e-01 -9.88433407e-01 -5.99776359e-01
 -5.89524835e-01 -5.36740341e-01 -7.49409078e-01 -6.06351483e-01
 -5.10711602e-01 -5.26218563e-01 -1.28665939e+00 -5.87238570e-01
 -6.12417664e-01 -5.18993308e-01 -1.24992482e+00 -6.46473956e-01
 -5.49906160e-01 -5.19921603e-01 -1.41013011e+00 -5.88241097e-01
 -5.91157120e-01 -5.25307879e-01 -1.78090381e+00 -6.13541410e-01
 -6.34670781e-01 -5.23885921e-01 -7.40103053e-01 -5.33849129e-01
 -5.50507717e-01 -5.09165916e-01 -2.17233522e+00 -5.79742603e-01
 -5.55104519e-01 -5.28504121e-01 -8.93035555e-01 -5.59069848e-01
 -6.31638282e-01 -5.33921380e-01 -8.37236432e-01 -5.78778388e-01
 -6.68501317e-01 -5.34053734e-01 -9.88074448e-01 -5.69846968e-01
 -5.31000526e-01 -5.38275834e-01 -7.07602409e-01 -5.57835749e-01
 -5.48126154e-01 -5.13495000e-01 -1.20676601e+00 -6.57200615e-01
 -6.34134913e-01 -5.25033605e-01 -1.04331827e+00 -6.01727098e-01]
[5.92062335e-01 1.06984255e-01 2.06934598e+11 7.97900835e+07
 2.24417253e-01 9.76576865e-02 9.21828459e+10 4.50564288e+07
 1.69590834e-01 1.25909934e-01 1.31424646e+11 4.93523745e+07
 4.87929957e-01 1.26108184e-01 2.19328674e+11 4.48949120e+07
 2.71929717e-01 1.85169263e-01 1.37561277e+11 5.99150537e+08
 1.96741183e-01 1.02896085e-01 5.39327435e+11 1.63585208e+06
 2.13455089e-01 1.02634258e-01 3.89796986e+11 3.64989595e+09
 3.07272130e-01 1.03140818e-01 2.95323705e+11 2.98257146e+07
 3.12429689e-01 1.14078911e-01 3.91474269e+11 1.64545101e-01
 2.84739242e-01 1.29743121e-01 1.20750062e+11 1.08218200e+06
 4.80376964e-01 1.00318812e-01 6.05804118e+11 2.02007797e-01
 1.28474052e-01 1.33500972e-01 3.02532123e+11 1.33122812e+09
 4.19382315e-01 1.19774480e-01 1.17390445e+11 1.83826381e-01
 2.21690769e-01 9.67366507e-02 2.82505415e+11 2.48635853e-01
 3.98954975e-01 1.12343446e-01 3.41356995e+11 1.16031041e-01
 1.64890178e-01 1.57286469e-01 1.05611753e+11 1.54034635e-01
 1.45557179e-01 1.13864157e-01 7.10198226e-01 1.35720502e-01
 1.13867290e-01 1.04190779e-01 3.39388787e-01 1.03333920e-01
 1.91495388e-01 1.15117549e-01 1.08593764e+00 1.29799627e-01
 1.51174196e-01 1.06521938e-01 1.47690291e-01 2.71272485e-01
 1.15087638e-01 1.06155036e-01 1.67634071e+00 1.25627251e-01
 2.12178802e-01 9.76963357e-02 1.66134967e+00 1.78518772e-01
 1.88454826e-01 1.33631648e-01 8.71116605e-01 2.19893642e-01
 1.91855622e-01 1.03867241e-01 3.02913683e+00 2.46203875e-01
 2.89767686e-01 1.09124863e-01 2.74733864e-01 1.33500471e-01
 8.76324239e-02 1.14239699e-01 3.54727419e+00 2.05303547e-01
 1.52813169e-01 1.17881895e-01 5.32545796e-01 9.28803329e-02
 2.03177775e-01 1.14756519e-01 4.01358257e-01 1.59478428e-01
 2.98606530e-01 9.34041619e-02 5.00426620e-01 1.40938137e-01
 1.34361123e-01 8.26064397e-02 2.59763896e-01 1.21040824e-01
 1.47590289e-01 1.03628094e-01 9.58851582e-01 2.25067702e-01
 2.25017477e-01 9.48951428e-02 6.92961136e-01 2.33079804e-01]
[ 95  33 119 109  78  38 113 107  59  22 117 108  91  41 121 106  84  39
 116 110  77  21 127 104  82   9 122 112  76  37 123 105  89   2 125  61
  81  14 115 103  87  17 128  73  49  32 120 111  88   5 118  62  71  16
 126  65  85   1 124  31  69  44 114  55  56  29  92  19  52  11  83  30
  48  23  94  57  53  27  80  60   4  15  99  50  63   7  98  70  35   8
 100  51  54  13 101  64  68  10  79  24  36   3 102  47  40  18  90  43
  66  25  86  46  74  26  93  45  20  28  75  42  34   6  97  72  67  12
  96  58]

*****************************************************************************
*                                                                           *
*                    JOB EFFICIENCY REPORT (seff 13085864)                   *
*                                                                           *
*****************************************************************************

Job ID: 13085864
Cluster: finisterrae3
User/Group: curso342/ulc
State: COMPLETED (exit code 0)
Nodes: 1
Cores per node: 32
CPU Utilized: 13:54:33
CPU Efficiency: 96.12% of 14:28:16 core-walltime
Job Wall-clock time: 00:27:08
Memory Utilized: 8.22 GB
Memory Efficiency: 51.36% of 16.00 GB

 +++++++++++++++++++++++++++++++++++++++++++++++++++++++++++++++++++++++++++
 ++   Memory Efficiency is too small. Please review the requested memory. ++
 ++ It seems that you do not need that much memory so we recommend        ++
 ++ requesting less memory in other similar jobs.                         ++
 +++++++++++++++++++++++++++++++++++++++++++++++++++++++++++++++++++++++++++
 
*****************************************************************************

