slurmstepd: info: Setting TMPDIR to /scratch/13084766. Previous errors about TMPDIR can be discarded
dwi_sin
[
    {
        'regressor': [KNeighborsRegressor()],
        'regressor__n_neighbors': [20, 25],
        'pca': [None, PCA(n_components=0.95)],
        'scaler': [None, StandardScaler(), RobustScaler()],
        'regressor__weights': ['uniform', 'distance'],
        'regressor__metric': ['euclidean', 'manhattan', 'chebyshev']
    }
]
[-0.482126   -0.48721682 -0.49802831 -0.4806632  -0.48649753 -0.49646832
 -0.47798474 -0.48395536 -0.49369239 -0.47643924 -0.48300941 -0.49217032
 -0.48252999 -0.48648663 -0.49126649 -0.48150806 -0.48606413 -0.49056587
 -0.47888877 -0.48435273 -0.48873242 -0.47775953 -0.48364218 -0.48768962
 -0.54562846 -0.51303556 -0.52851639 -0.54136464 -0.5109553  -0.52583473
 -0.54771143 -0.51091809 -0.52666919 -0.54307616 -0.50860289 -0.52380177
 -0.48232151 -0.48652689 -0.49781757 -0.48082117 -0.48584382 -0.49631023
 -0.47897638 -0.48250504 -0.49495242 -0.47729641 -0.48171958 -0.49323266
 -0.483192   -0.48684092 -0.48948363 -0.48146302 -0.48565308 -0.48861467
 -0.47895806 -0.48199279 -0.48618845 -0.47744318 -0.48086295 -0.48507238
 -0.47944992 -0.48712967 -0.51142082 -0.47820987 -0.48636799 -0.50907121
 -0.47749857 -0.48310681 -0.50982756 -0.47590771 -0.48248634 -0.50700682]
[0.0518298  0.06341558 0.06403282 0.05151018 0.0631875  0.06402278
 0.0538748  0.06445024 0.0633539  0.05349221 0.06415029 0.06364926
 0.05646667 0.06140779 0.06229443 0.0554864  0.06144724 0.06245351
 0.05743845 0.06120838 0.06193995 0.05668226 0.06142121 0.06234595
 0.04346917 0.06180426 0.06977654 0.04360442 0.06175485 0.07023218
 0.04439316 0.06259117 0.06778952 0.04431002 0.0624117  0.06830179
 0.0544254  0.06146802 0.06156886 0.05427947 0.06160815 0.06223665
 0.05510781 0.06297627 0.06220314 0.05510763 0.06288661 0.06288628
 0.05517107 0.06290508 0.0625546  0.0550952  0.06289571 0.06292926
 0.05662058 0.0637356  0.06219998 0.05639147 0.06358448 0.06275398
 0.05251858 0.06148416 0.06135873 0.05233141 0.06155194 0.06207149
 0.05258495 0.06312207 0.0598371  0.05264316 0.06305421 0.06090383]
[20 42 56 13 38 54  7 29 51  2 25 49 24 37 48 17 34 47  9 30 45  6 28 43
 71 64 68 69 62 66 72 61 67 70 58 65 21 39 55 14 33 53 11 23 52  3 18 50
 27 40 46 16 32 44 10 19 35  4 15 31 12 41 63  8 36 59  5 26 60  1 22 57]
dwi_cos
[
    {
        'regressor': [KNeighborsRegressor()],
        'regressor__n_neighbors': [20, 25],
        'pca': [None, PCA(n_components=0.95)],
        'scaler': [None, StandardScaler(), RobustScaler()],
        'regressor__weights': ['uniform', 'distance'],
        'regressor__metric': ['euclidean', 'manhattan', 'chebyshev']
    }
]
[-0.43567691 -0.43664936 -0.43694061 -0.43400518 -0.43559784 -0.43628236
 -0.43399406 -0.43334159 -0.43342762 -0.43227073 -0.43210455 -0.43250253
 -0.43236107 -0.43705408 -0.43836533 -0.43126046 -0.43643346 -0.43797721
 -0.42926324 -0.43309623 -0.43381836 -0.42812631 -0.4324088  -0.43334075
 -0.50969677 -0.45137127 -0.45210343 -0.50670653 -0.44963367 -0.45041329
 -0.51102316 -0.45066927 -0.45091141 -0.5077176  -0.44868373 -0.44896013
 -0.44107144 -0.43625286 -0.43781318 -0.43912133 -0.43534842 -0.43736885
 -0.43780938 -0.43260083 -0.43419256 -0.43586249 -0.43166359 -0.43347746
 -0.43905503 -0.43730836 -0.43863041 -0.43736633 -0.43640745 -0.43809199
 -0.43728155 -0.43412942 -0.43461202 -0.4352658  -0.43310972 -0.43404917
 -0.44378972 -0.43790792 -0.43735635 -0.44177812 -0.4366447  -0.43653724
 -0.44153934 -0.43462702 -0.43641487 -0.43939044 -0.43335419 -0.43515646]
[0.04602028 0.03739928 0.03836808 0.04635448 0.03784255 0.03901039
 0.04598359 0.03858898 0.03938146 0.04628727 0.03892059 0.03992857
 0.03967345 0.03866059 0.04070738 0.04006365 0.03885062 0.04117647
 0.04073906 0.0397875  0.04210211 0.04108173 0.03993837 0.04232408
 0.07260576 0.03684634 0.04004761 0.07317944 0.03766066 0.04040555
 0.07367845 0.03773432 0.03993852 0.07442644 0.03849726 0.04033398
 0.04077316 0.03599691 0.03712178 0.04112874 0.03663301 0.0376802
 0.04080781 0.03685314 0.0365124  0.04133718 0.03738211 0.03712466
 0.03965635 0.03468892 0.03650817 0.04042791 0.0354294  0.03696088
 0.0400889  0.03437754 0.03756708 0.04078731 0.03499132 0.03790712
 0.04339977 0.03802354 0.03828208 0.04360242 0.03833755 0.03898249
 0.04409783 0.03787649 0.03880999 0.04425849 0.03840298 0.039338  ]
[30 39 40 20 29 33 19 14 16  6  5  9  7 41 52  3 36 50  2 11 18  1  8 13
 71 67 68 69 63 64 72 65 66 70 61 62 57 32 48 55 28 46 47 10 23 31  4 17
 54 43 53 45 34 51 42 22 24 27 12 21 60 49 44 59 38 37 58 25 35 56 15 26]
wind_max
[
    {
        'regressor': [KNeighborsRegressor()],
        'regressor__n_neighbors': [20, 25],
        'pca': [None, PCA(n_components=0.95)],
        'scaler': [None, StandardScaler(), RobustScaler()],
        'regressor__weights': ['uniform', 'distance'],
        'regressor__metric': ['euclidean', 'manhattan', 'chebyshev']
    }
]
[-2.3977799  -2.5564408  -2.52686933 -2.38673977 -2.54902609 -2.51870113
 -2.38454898 -2.54432094 -2.51649721 -2.37297451 -2.53522681 -2.50711955
 -2.41969921 -2.55695494 -2.53261624 -2.40822944 -2.55071757 -2.52613767
 -2.39760431 -2.54339421 -2.51671804 -2.38740159 -2.53502997 -2.50903235
 -2.42955157 -2.67981437 -2.58741272 -2.41896746 -2.6650802  -2.57393247
 -2.42030068 -2.68699921 -2.57979155 -2.40977158 -2.67019952 -2.56602296
 -2.38711245 -2.54546611 -2.53655923 -2.37921331 -2.54154792 -2.52842577
 -2.36934613 -2.52695848 -2.51641036 -2.36164779 -2.52174684 -2.50810144
 -2.39710678 -2.53425214 -2.50622173 -2.3904114  -2.52569581 -2.49754422
 -2.36950236 -2.52387203 -2.49150173 -2.36386532 -2.51368268 -2.48190304
 -2.39642819 -2.60499456 -2.56073763 -2.38793739 -2.5974915  -2.55386185
 -2.37694191 -2.57985394 -2.55118459 -2.3684889  -2.57375711 -2.54122115]
[0.41145795 0.36322271 0.34793503 0.40774118 0.36085789 0.34530938
 0.42665318 0.37221494 0.35643334 0.42090551 0.36946697 0.35366819
 0.42917196 0.37034823 0.36597217 0.42393173 0.36856636 0.36176701
 0.4267857  0.38140822 0.37734533 0.4224028  0.37859064 0.37236545
 0.46282561 0.41332141 0.36810035 0.46094027 0.41115259 0.36571075
 0.46779218 0.42853565 0.3753592  0.46556131 0.42476515 0.37176648
 0.40805902 0.34887136 0.34062692 0.40546106 0.34859277 0.33659616
 0.41168896 0.35354747 0.35440835 0.40778267 0.35273575 0.34886508
 0.4051915  0.36691173 0.34476813 0.4042357  0.36418472 0.3401543
 0.4071837  0.37097592 0.35248709 0.40622172 0.36870165 0.34741525
 0.41740701 0.36645142 0.3612537  0.41253639 0.36215655 0.35649205
 0.41839751 0.36040454 0.36502519 0.41420152 0.35832003 0.35891448]
[18 58 41 10 54 36  9 52 34  6 47 29 22 59 44 19 55 40 17 51 35 12 46 31
 24 71 66 21 69 63 23 72 64 20 70 61 11 53 48  8 50 43  4 42 33  1 37 30
 16 45 28 14 39 27  5 38 26  2 32 25 15 68 60 13 67 57  7 65 56  3 62 49]
wind_med
[
    {
        'regressor': [KNeighborsRegressor()],
        'regressor__n_neighbors': [20, 25],
        'pca': [None, PCA(n_components=0.95)],
        'scaler': [None, StandardScaler(), RobustScaler()],
        'regressor__weights': ['uniform', 'distance'],
        'regressor__metric': ['euclidean', 'manhattan', 'chebyshev']
    }
]
[-2.0672229  -2.18920176 -2.1672227  -2.05756619 -2.18173275 -2.15868517
 -2.05458621 -2.18312931 -2.16035445 -2.04453298 -2.17371422 -2.15087884
 -2.09546252 -2.19019659 -2.1740383  -2.08415016 -2.18406291 -2.16777271
 -2.07494554 -2.1796711  -2.15944546 -2.0648351  -2.17200128 -2.15229137
 -2.07820102 -2.30637538 -2.22614318 -2.07017459 -2.29350433 -2.21413825
 -2.06899544 -2.31344405 -2.2216362  -2.06073235 -2.29868167 -2.20903473
 -2.06434666 -2.1851769  -2.18178713 -2.05627871 -2.17914176 -2.1724678
 -2.04701514 -2.17253088 -2.15897869 -2.03922741 -2.16511057 -2.15070738
 -2.07647711 -2.17951695 -2.15954303 -2.06812165 -2.1701699  -2.15073563
 -2.05289424 -2.1673498  -2.14647913 -2.04540453 -2.15745063 -2.13691251
 -2.07566018 -2.23033787 -2.19642325 -2.06580969 -2.2219815  -2.18920573
 -2.05654562 -2.21060029 -2.18918025 -2.04747781 -2.20367547 -2.1792474 ]
[0.42706941 0.39151121 0.39185432 0.42671861 0.39218333 0.39094218
 0.43870044 0.40243937 0.39543062 0.4365709  0.40210995 0.39514211
 0.44692179 0.40176177 0.39717002 0.44512251 0.40249373 0.39597487
 0.44403005 0.41503297 0.4096029  0.44271025 0.41455336 0.40776029
 0.45742744 0.42306557 0.40013905 0.45779235 0.42209774 0.3998184
 0.46324726 0.43605146 0.40263524 0.46318878 0.43389402 0.40196931
 0.42677678 0.37995643 0.37385076 0.42614632 0.38155661 0.37168267
 0.43090534 0.389503   0.38449335 0.4289228  0.38975529 0.38132997
 0.42900206 0.40426804 0.37931604 0.42816374 0.40425924 0.37761365
 0.42995768 0.40715998 0.388374   0.42919126 0.4073695  0.38591705
 0.4331763  0.40030644 0.39246175 0.43252501 0.39587307 0.38998638
 0.43595293 0.39876497 0.40010576 0.43499805 0.39656331 0.39558428]
[15 57 38 10 51 32  7 53 36  2 45 29 24 59 46 23 54 40 19 50 34 13 42 30
 22 71 67 18 69 64 17 72 65 11 70 62 12 55 52  8 47 43  4 44 33  1 37 27
 21 49 35 16 41 28  6 39 26  3 31 25 20 68 60 14 66 58  9 63 56  5 61 48]
shww_max
[
    {
        'regressor': [KNeighborsRegressor()],
        'regressor__n_neighbors': [20, 25],
        'pca': [None, PCA(n_components=0.95)],
        'scaler': [None, StandardScaler(), RobustScaler()],
        'regressor__weights': ['uniform', 'distance'],
        'regressor__metric': ['euclidean', 'manhattan', 'chebyshev']
    }
]
[-0.92982859 -0.95005005 -0.9334339  -0.92957228 -0.95012258 -0.93308243
 -0.92410519 -0.94660208 -0.92896751 -0.92370341 -0.94613906 -0.92839205
 -0.92370044 -0.95899974 -0.94066488 -0.92397231 -0.95886598 -0.94077921
 -0.91799656 -0.95598309 -0.93646329 -0.91819242 -0.95523182 -0.93622104
 -0.96259125 -1.0421912  -0.96263211 -0.96039038 -1.03835968 -0.96090812
 -0.96404941 -1.047045   -0.95836289 -0.9613908  -1.0424388  -0.95683414
 -0.93528108 -0.95464333 -0.9354864  -0.93518626 -0.95413677 -0.93582691
 -0.92898738 -0.94492989 -0.92642714 -0.92904146 -0.94458547 -0.9271204
 -0.93241706 -0.95573635 -0.9379928  -0.93198555 -0.95468068 -0.93827311
 -0.92684028 -0.95010819 -0.9304458  -0.92650005 -0.94884669 -0.93057898
 -0.92921625 -0.95322351 -0.93823921 -0.92987707 -0.95348618 -0.93870549
 -0.92484919 -0.95021596 -0.93365337 -0.92493467 -0.94970909 -0.93342678]
[0.42655252 0.4224822  0.41515824 0.42669001 0.42186455 0.41494243
 0.42429659 0.42114746 0.41583444 0.42495353 0.42084989 0.41574324
 0.42525452 0.43116023 0.42373189 0.42542875 0.42948344 0.42273649
 0.42306004 0.43217945 0.42596017 0.42360012 0.43069946 0.42514781
 0.45028388 0.45577838 0.41218157 0.45013831 0.45389844 0.41318176
 0.44944672 0.45933835 0.41661033 0.44942037 0.45724874 0.41732392
 0.4191614  0.42205121 0.41587587 0.41851199 0.42124498 0.41669447
 0.41702059 0.41905581 0.41302619 0.4165968  0.41868992 0.41438146
 0.4195838  0.42759596 0.41916817 0.41746261 0.42658415 0.41858714
 0.4184828  0.42322131 0.41801467 0.41710366 0.42259832 0.4177589
 0.41340333 0.41672871 0.42495562 0.41321467 0.41666529 0.42631451
 0.41576541 0.41963627 0.42472894 0.4150847  0.4186486  0.42597229]
[19 47 27 18 49 25  6 44 14  4 43 13  3 62 39  5 61 40  1 58 34  2 56 33
 66 70 67 63 69 64 68 72 60 65 71 59 30 54 31 29 53 32 15 42  9 16 41 12
 24 57 35 23 55 37 11 48 21 10 45 22 17 51 36 20 52 38  7 50 28  8 46 26]
shww_med
[
    {
        'regressor': [KNeighborsRegressor()],
        'regressor__n_neighbors': [20, 25],
        'pca': [None, PCA(n_components=0.95)],
        'scaler': [None, StandardScaler(), RobustScaler()],
        'regressor__weights': ['uniform', 'distance'],
        'regressor__metric': ['euclidean', 'manhattan', 'chebyshev']
    }
]
[-0.70542843 -0.71511255 -0.70593719 -0.70553615 -0.71582421 -0.70596186
 -0.69974402 -0.71336702 -0.70134904 -0.69995055 -0.71349008 -0.70147442
 -0.6997362  -0.72380496 -0.71173835 -0.70036185 -0.72405785 -0.71216605
 -0.69423901 -0.72174945 -0.70873438 -0.69499706 -0.72162534 -0.70897969
 -0.73730697 -0.79816204 -0.73304218 -0.73584477 -0.79480861 -0.73183309
 -0.73936351 -0.80264517 -0.73007847 -0.73745138 -0.79865132 -0.72901433
 -0.70893401 -0.71935725 -0.70610224 -0.70916101 -0.7192194  -0.70665771
 -0.70333015 -0.71159869 -0.69979311 -0.70390126 -0.71161566 -0.70065921
 -0.70647585 -0.71981058 -0.70651311 -0.70616325 -0.71903277 -0.70689103
 -0.70168603 -0.71608785 -0.70084167 -0.70173065 -0.71520419 -0.70116733
 -0.70437463 -0.71782118 -0.71176742 -0.70533012 -0.71796003 -0.71243811
 -0.70022243 -0.71439459 -0.70802242 -0.70097917 -0.71434392 -0.70830015]
[0.3539803  0.34766923 0.3456329  0.35410518 0.34769299 0.34549022
 0.35056392 0.34582901 0.34421855 0.35117172 0.34602533 0.34440769
 0.3532208  0.35465451 0.34966207 0.35351671 0.35382109 0.34926867
 0.34945382 0.35409462 0.34966269 0.350201   0.35346085 0.34953392
 0.37313862 0.38179846 0.34850951 0.37284874 0.3798934  0.34869157
 0.37276207 0.38651195 0.35207434 0.37254262 0.38410851 0.35208723
 0.34748134 0.34915061 0.34508252 0.34707303 0.34879105 0.34603639
 0.34438319 0.34517205 0.34242853 0.34432691 0.34524431 0.34377181
 0.34764626 0.3521827  0.34640519 0.3463514  0.35151065 0.34579105
 0.34567378 0.34828928 0.34457139 0.34504989 0.34793977 0.34435542
 0.34103686 0.34360428 0.3541604  0.34138229 0.34405807 0.35542764
 0.3430561  0.34319799 0.35271808 0.342856   0.34335839 0.35400544]
[21 47 23 22 49 24  4 43 13  6 44 14  3 59 39  8 60 41  1 58 33  2 57 35
 66 70 64 65 69 63 68 72 62 67 71 61 34 55 25 36 54 29 17 37  5 18 38  9
 27 56 28 26 53 30 15 50 10 16 48 12 19 51 40 20 52 42  7 46 31 11 45 32]
mdts_sin
[
    {
        'regressor': [KNeighborsRegressor()],
        'regressor__n_neighbors': [20, 25],
        'pca': [None, PCA(n_components=0.95)],
        'scaler': [None, StandardScaler(), RobustScaler()],
        'regressor__weights': ['uniform', 'distance'],
        'regressor__metric': ['euclidean', 'manhattan', 'chebyshev']
    }
]
[-0.09270201 -0.08814498 -0.08886008 -0.09273415 -0.08803895 -0.08872525
 -0.09200216 -0.08723047 -0.08797551 -0.09201906 -0.08719199 -0.08788428
 -0.09107131 -0.08784343 -0.08813386 -0.0911419  -0.08774118 -0.08798569
 -0.09005467 -0.08728831 -0.08761415 -0.09014439 -0.08716341 -0.08745036
 -0.09971129 -0.09219208 -0.09133285 -0.09954223 -0.09218196 -0.09133249
 -0.09837712 -0.09135548 -0.09043328 -0.098257   -0.09138221 -0.09043542
 -0.09505109 -0.08785704 -0.08951656 -0.09545023 -0.08769631 -0.08931288
 -0.09431181 -0.08706964 -0.08851558 -0.09456598 -0.08695827 -0.08838305
 -0.09514661 -0.08808119 -0.08819069 -0.0954089  -0.08794116 -0.08803459
 -0.09440728 -0.08730495 -0.0875693  -0.09455556 -0.08723242 -0.08740234
 -0.09613256 -0.08690119 -0.09055057 -0.09631936 -0.08678214 -0.09026825
 -0.09473598 -0.08622156 -0.09027906 -0.09497866 -0.08611371 -0.08997837]
[0.0509322  0.04472513 0.0443346  0.05080222 0.04445698 0.04416708
 0.05160873 0.04537239 0.0445883  0.0514687  0.04508968 0.04442153
 0.0501988  0.04517611 0.04444707 0.05007499 0.04492861 0.04430791
 0.05105907 0.04581519 0.0454304  0.05089915 0.04551745 0.0452049
 0.05189225 0.0466277  0.04681767 0.05184367 0.04665672 0.0467421
 0.05268939 0.047093   0.04719628 0.05259855 0.04707106 0.04711329
 0.05253547 0.04451348 0.0442504  0.05252972 0.04420227 0.04401447
 0.05284895 0.04545482 0.04475671 0.0528628  0.04506234 0.04448702
 0.05283731 0.04490745 0.04514226 0.05278876 0.04467443 0.0448886
 0.05295849 0.04583344 0.04588317 0.05299821 0.04553497 0.04558323
 0.05298569 0.04665153 0.04457189 0.05293691 0.04618518 0.04433862
 0.05365394 0.04698374 0.04544443 0.05354576 0.04656136 0.0450982 ]
[55 29 34 56 26 33 51  9 23 52  8 21 45 19 28 46 18 24 38 11 16 39  7 14
 72 54 48 71 53 47 70 49 42 69 50 43 63 20 36 66 17 35 57  6 32 60  5 31
 64 27 30 65 22 25 58 12 15 59 10 13 67  4 44 68  3 40 61  2 41 62  1 37]
mdts_cos
[
    {
        'regressor': [KNeighborsRegressor()],
        'regressor__n_neighbors': [20, 25],
        'pca': [None, PCA(n_components=0.95)],
        'scaler': [None, StandardScaler(), RobustScaler()],
        'regressor__weights': ['uniform', 'distance'],
        'regressor__metric': ['euclidean', 'manhattan', 'chebyshev']
    }
]
[-0.10566964 -0.10040835 -0.09997827 -0.10570089 -0.10045377 -0.10015698
 -0.10497097 -0.09871098 -0.09891275 -0.10498241 -0.09887067 -0.09907416
 -0.10336678 -0.09987928 -0.10013484 -0.10354133 -0.10015804 -0.10043252
 -0.10190934 -0.09871154 -0.09923542 -0.10211214 -0.0989402  -0.09945467
 -0.10745739 -0.1037036  -0.10260264 -0.10741032 -0.10375502 -0.10268848
 -0.106273   -0.10289342 -0.10140303 -0.10623991 -0.10296445 -0.10150525
 -0.10823766 -0.10032993 -0.1006574  -0.10884115 -0.10041868 -0.10092346
 -0.10706205 -0.09876852 -0.09913699 -0.10753804 -0.09895444 -0.09942402
 -0.10865016 -0.09946586 -0.10050374 -0.1090754  -0.09960529 -0.10067791
 -0.10727765 -0.09834349 -0.09922191 -0.1076306  -0.09850148 -0.09939542
 -0.10880353 -0.09941989 -0.10014006 -0.10912225 -0.09970537 -0.10026087
 -0.10739118 -0.09814307 -0.09939214 -0.10771402 -0.09843285 -0.09946655]
[0.04241524 0.03928521 0.0393387  0.04238975 0.03911208 0.03917674
 0.04330619 0.03958195 0.03948824 0.04325257 0.03941311 0.03935864
 0.04187366 0.03899544 0.03833258 0.04172282 0.03882489 0.03823249
 0.04268219 0.03973138 0.03918011 0.04251961 0.03951452 0.03900554
 0.04563917 0.04196725 0.04181192 0.04556994 0.0419342  0.04171934
 0.04602516 0.04203283 0.0424262  0.04597177 0.04200195 0.04231873
 0.04507628 0.03936635 0.03945249 0.0451671  0.03905609 0.03913774
 0.04538276 0.03987167 0.03980465 0.04548482 0.03953826 0.03952221
 0.04584495 0.03901672 0.03983259 0.04588193 0.03878844 0.0395949
 0.04575719 0.03982766 0.04020669 0.04591497 0.0395557  0.03998504
 0.04544763 0.04076393 0.03910239 0.04550993 0.04044679 0.03873304
 0.04589201 0.04112296 0.03992624 0.04590505 0.04082367 0.03951174]
[55 33 26 56 36 29 53  5  9 54  8 12 49 25 27 50 30 35 43  6 15 44 10 20
 63 51 45 62 52 46 58 47 41 57 48 42 67 32 38 70 34 40 59  7 13 64 11 19
 68 21 37 71 23 39 60  2 14 65  4 17 69 18 28 72 24 31 61  1 16 66  3 22]
shts_max
[
    {
        'regressor': [KNeighborsRegressor()],
        'regressor__n_neighbors': [20, 25],
        'pca': [None, PCA(n_components=0.95)],
        'scaler': [None, StandardScaler(), RobustScaler()],
        'regressor__weights': ['uniform', 'distance'],
        'regressor__metric': ['euclidean', 'manhattan', 'chebyshev']
    }
]
[-0.64172102 -0.61660033 -0.61486823 -0.6405256  -0.6163777  -0.6146551
 -0.64120651 -0.61577166 -0.61379474 -0.6397266  -0.61505847 -0.61307622
 -0.61291668 -0.62133236 -0.61802067 -0.61204934 -0.620271   -0.61737124
 -0.61570217 -0.62163217 -0.61417149 -0.61395641 -0.6201723  -0.61349724
 -0.87120446 -0.74325635 -0.71423021 -0.86841552 -0.74002444 -0.71200064
 -0.87310139 -0.74417007 -0.71721514 -0.86985853 -0.7407711  -0.71418334
 -0.62307115 -0.6152355  -0.61148299 -0.62095171 -0.61443559 -0.61132359
 -0.62591627 -0.61358369 -0.60882138 -0.62282356 -0.61236311 -0.60817725
 -0.63169844 -0.62751068 -0.62117013 -0.6300265  -0.62603708 -0.62080507
 -0.63166122 -0.62574302 -0.61975839 -0.62951166 -0.62389315 -0.61881004
 -0.6288644  -0.61703397 -0.6058778  -0.62543349 -0.61612802 -0.60583864
 -0.63337628 -0.61345425 -0.60369797 -0.62821131 -0.61225907 -0.60330324]
[0.17338362 0.14059805 0.14770285 0.17193713 0.13948049 0.14679337
 0.17318561 0.14095292 0.14817969 0.17162912 0.13965091 0.14693891
 0.17434906 0.15252158 0.15607042 0.17248927 0.15090244 0.15491168
 0.17469681 0.15576259 0.15546065 0.17270441 0.15360001 0.15413596
 0.26844032 0.15128803 0.16348233 0.26720091 0.14856858 0.16191755
 0.27385101 0.15420466 0.16743229 0.2723287  0.15141181 0.1653692
 0.17079364 0.14768548 0.1550397  0.16949167 0.14603933 0.15521239
 0.17216773 0.14480471 0.15476147 0.17025318 0.14356055 0.15431757
 0.17433099 0.13723949 0.14611896 0.1726007  0.13675453 0.14601771
 0.17417918 0.13863739 0.1491404  0.17249448 0.13770199 0.1480754
 0.17564334 0.14736906 0.16118968 0.17449718 0.14655096 0.16177316
 0.18096132 0.14807152 0.15781573 0.17823917 0.14665377 0.1581851 ]
[60 29 22 58 28 21 59 26 17 57 23 13 12 40 32  9 36 31 25 41 19 18 35 15
 71 67 63 69 65 61 72 68 64 70 66 62 43 24  8 38 20  7 47 16  6 42 11  5
 55 49 39 53 48 37 54 46 34 52 44 33 51 30  4 45 27  3 56 14  2 50 10  1]
shts_med
[
    {
        'regressor': [KNeighborsRegressor()],
        'regressor__n_neighbors': [20, 25],
        'pca': [None, PCA(n_components=0.95)],
        'scaler': [None, StandardScaler(), RobustScaler()],
        'regressor__weights': ['uniform', 'distance'],
        'regressor__metric': ['euclidean', 'manhattan', 'chebyshev']
    }
]
[-0.5586266  -0.54127707 -0.54068085 -0.55652889 -0.54047939 -0.53941341
 -0.55995519 -0.54182242 -0.54053135 -0.55741782 -0.54035994 -0.53876097
 -0.53767004 -0.5441841  -0.54203102 -0.53558525 -0.54243261 -0.54041106
 -0.53922101 -0.54582521 -0.53975826 -0.53655398 -0.54344356 -0.53802637
 -0.75716288 -0.64799053 -0.62803527 -0.75427063 -0.64460138 -0.62504887
 -0.75996976 -0.64960619 -0.63044984 -0.75659104 -0.64598706 -0.62682944
 -0.54443833 -0.53994337 -0.53684435 -0.54078645 -0.53860112 -0.53554796
 -0.54766276 -0.53857883 -0.53561606 -0.54309978 -0.53680818 -0.53365632
 -0.55170489 -0.54907997 -0.54566354 -0.54860142 -0.54736017 -0.54404452
 -0.55252488 -0.5484298  -0.54573945 -0.54896496 -0.54621727 -0.54345826
 -0.55015554 -0.54228154 -0.53441137 -0.54550492 -0.54034939 -0.53296328
 -0.55546406 -0.54031142 -0.53364889 -0.54909388 -0.53805674 -0.53171565]
[0.12740421 0.09545119 0.10329918 0.12641699 0.09469872 0.10261038
 0.1279628  0.09771317 0.10479983 0.126722   0.09649315 0.10364901
 0.12484744 0.10510529 0.11061118 0.12345622 0.10390802 0.10962923
 0.12583091 0.10811811 0.11118803 0.12426316 0.10640216 0.11000575
 0.21710801 0.11349941 0.12660434 0.21630831 0.11096444 0.12505728
 0.22181654 0.1177077  0.13066579 0.22071164 0.11481965 0.12861202
 0.12702721 0.10136799 0.11006744 0.12575459 0.10030913 0.11023504
 0.12838576 0.10003935 0.11086959 0.12649777 0.099096   0.11028809
 0.13085454 0.09475565 0.10407773 0.12946118 0.09458084 0.10388098
 0.13186433 0.09646935 0.10840716 0.13017297 0.09573117 0.10714393
 0.13109844 0.10149245 0.1167049  0.12990204 0.10094448 0.11719406
 0.13712703 0.10290501 0.11622602 0.13433253 0.10159072 0.11602174]
[59 30 28 57 26 19 60 31 27 58 24 17 12 39 32  7 34 25 18 44 20  9 36 13
 71 67 63 69 65 61 72 68 64 70 66 62 40 21 11 29 16  6 47 15  8 35 10  4
 54 51 42 49 46 38 55 48 43 50 45 37 53 33  5 41 23  2 56 22  3 52 14  1]

*****************************************************************************
*                                                                           *
*                    JOB EFFICIENCY REPORT (seff 13084766)                   *
*                                                                           *
*****************************************************************************

Job ID: 13084766
Cluster: finisterrae3
User/Group: curso342/ulc
State: COMPLETED (exit code 0)
Nodes: 1
Cores per node: 32
CPU Utilized: 2-06:57:23
CPU Efficiency: 98.78% of 2-07:38:08 core-walltime
Job Wall-clock time: 01:44:19
Memory Utilized: 9.22 GB
Memory Efficiency: 57.60% of 16.00 GB

 +++++++++++++++++++++++++++++++++++++++++++++++++++++++++++++++++++++++++++
 ++   Memory Efficiency is too small. Please review the requested memory. ++
 ++ It seems that you do not need that much memory so we recommend        ++
 ++ requesting less memory in other similar jobs.                         ++
 +++++++++++++++++++++++++++++++++++++++++++++++++++++++++++++++++++++++++++
 
*****************************************************************************

