slurmstepd: info: Setting TMPDIR to /scratch/13113335. Previous errors about TMPDIR can be discarded
dwi_sin
[
    {
        'regressor__n_estimators': [600],
        'regressor__learning_rate': [0.05, 0.1],
        'regressor__max_depth': [None, 5],
        'regressor__min_samples_leaf': [10, 20],
        'regressor__subsample': [1.0, 0.8],
        'regressor__max_features': ['sqrt', 'log2']
    }
]
[-0.47850171 -0.48101718 -0.4800566  -0.4826009  -0.47802435 -0.48109987
 -0.47930179 -0.48211769 -0.47584478 -0.47748203 -0.47709475 -0.47574463
 -0.47404644 -0.47794719 -0.47454018 -0.47657081 -0.48377457 -0.49407907
 -0.48345146 -0.49198142 -0.48524877 -0.49487271 -0.48262383 -0.49055357
 -0.48491672 -0.49055478 -0.48274275 -0.48436963 -0.48059722 -0.4908687
 -0.48065886 -0.48743721]
[0.06246614 0.06518056 0.05909255 0.06192264 0.06058087 0.05916129
 0.06137064 0.06420803 0.06683681 0.06674237 0.0665931  0.06762389
 0.06758032 0.06900256 0.06793487 0.0670629  0.06023111 0.06173042
 0.06305009 0.06010225 0.05979418 0.05635175 0.06224997 0.05842655
 0.06688865 0.06796013 0.06760057 0.06408696 0.06817164 0.06681204
 0.0689006  0.06974446]
[10 15 12 18  9 16 11 17  4  7  6  3  1  8  2  5 22 31 21 30 25 32 19 27
 24 28 20 23 13 29 14 26]
dwi_cos
[
    {
        'regressor__n_estimators': [600],
        'regressor__learning_rate': [0.05, 0.1],
        'regressor__max_depth': [None, 5],
        'regressor__min_samples_leaf': [10, 20],
        'regressor__subsample': [1.0, 0.8],
        'regressor__max_features': ['sqrt', 'log2']
    }
]
[-0.41279227 -0.41621795 -0.41502232 -0.41756915 -0.41289596 -0.41690946
 -0.41704464 -0.41682304 -0.41363127 -0.41378606 -0.41203379 -0.41355422
 -0.41371711 -0.41445251 -0.41393118 -0.41417967 -0.41568577 -0.42753204
 -0.41774408 -0.42699744 -0.41853684 -0.42967792 -0.41837105 -0.42521683
 -0.41947389 -0.42397058 -0.41749784 -0.42014298 -0.42169502 -0.42116336
 -0.42192052 -0.42509159]
[0.03893198 0.03529536 0.03813697 0.03813559 0.03626446 0.03672077
 0.03767584 0.03516787 0.03819461 0.03494196 0.03664213 0.03772206
 0.03716958 0.03458368 0.03736018 0.03643926 0.03652356 0.03621824
 0.03917874 0.03960104 0.036693   0.03890291 0.03637679 0.03781216
 0.03462258 0.03603476 0.03852704 0.03391138 0.03652694 0.03654064
 0.03436265 0.03495104]
[ 2 13 11 18  3 15 16 14  5  7  1  4  6 10  8  9 12 31 19 30 21 32 20 29
 22 27 17 23 25 24 26 28]
wind_max
[
    {
        'regressor__n_estimators': [600],
        'regressor__learning_rate': [0.05, 0.1],
        'regressor__max_depth': [None, 5],
        'regressor__min_samples_leaf': [10, 20],
        'regressor__subsample': [1.0, 0.8],
        'regressor__max_features': ['sqrt', 'log2']
    }
]
[-2.38535799 -2.38688634 -2.37674652 -2.34937985 -2.3645965  -2.35887927
 -2.36233682 -2.36739101 -2.33327634 -2.35511959 -2.32274426 -2.30896531
 -2.33461474 -2.34192632 -2.32130533 -2.32504949 -2.3919611  -2.42439044
 -2.39364273 -2.41060167 -2.38235931 -2.44133452 -2.39920975 -2.41574502
 -2.3600146  -2.35596967 -2.3587771  -2.34764838 -2.3550662  -2.39143132
 -2.3350183  -2.35435342]
[0.35165433 0.35519448 0.35529863 0.37553738 0.34922086 0.35740611
 0.36560412 0.37527209 0.35741539 0.35713499 0.35461998 0.38269247
 0.34900385 0.35538024 0.37793843 0.36955048 0.35346109 0.33703371
 0.344057   0.39077636 0.3481438  0.38930437 0.36933668 0.34977333
 0.33842366 0.34155368 0.34042934 0.38326724 0.34984568 0.35749143
 0.37458107 0.36077919]
[23 24 21 10 19 16 18 20  5 13  3  1  6  8  2  4 26 31 27 29 22 32 28 30
 17 14 15  9 12 25  7 11]
wind_med
[
    {
        'regressor__n_estimators': [600],
        'regressor__learning_rate': [0.05, 0.1],
        'regressor__max_depth': [None, 5],
        'regressor__min_samples_leaf': [10, 20],
        'regressor__subsample': [1.0, 0.8],
        'regressor__max_features': ['sqrt', 'log2']
    }
]
[-2.06071675 -2.07522375 -2.06820368 -2.05699414 -2.0567221  -2.06613435
 -2.05390797 -2.0588886  -2.03734427 -2.05768453 -2.03398239 -2.03417971
 -2.03814243 -2.033598   -2.03650529 -2.03136456 -2.07708202 -2.13531119
 -2.07731723 -2.12337908 -2.07784937 -2.1177543  -2.06907698 -2.08227229
 -2.07918171 -2.08809253 -2.06111773 -2.07172404 -2.06214461 -2.08972887
 -2.06118818 -2.06936042]
[0.36788992 0.39408921 0.40242271 0.40219823 0.3795819  0.39223667
 0.41357845 0.40424131 0.38816023 0.39027899 0.40056423 0.4019946
 0.39173574 0.39857615 0.4032025  0.42221449 0.36650747 0.39539359
 0.40592606 0.41601773 0.38387365 0.4060893  0.39869325 0.3824381
 0.38540829 0.39388578 0.40253591 0.42533545 0.38701071 0.39947655
 0.39893935 0.40818711]
[13 22 18 10  9 17  8 12  6 11  3  4  7  2  5  1 23 32 24 31 25 30 19 27
 26 28 14 21 16 29 15 20]
shww_max
[
    {
        'regressor__n_estimators': [600],
        'regressor__learning_rate': [0.05, 0.1],
        'regressor__max_depth': [None, 5],
        'regressor__min_samples_leaf': [10, 20],
        'regressor__subsample': [1.0, 0.8],
        'regressor__max_features': ['sqrt', 'log2']
    }
]
[-0.935859   -0.93846822 -0.938797   -0.93392138 -0.93251499 -0.94196646
 -0.92515268 -0.9263296  -0.91585368 -0.91338245 -0.92410199 -0.9161073
 -0.92704973 -0.92342335 -0.91693646 -0.92189592 -0.93622377 -0.97661822
 -0.93528934 -0.9497779  -0.94232897 -0.95719217 -0.93184713 -0.94445507
 -0.92938679 -0.92913501 -0.93121719 -0.92990259 -0.93290857 -0.93194114
 -0.93493669 -0.94367029]
[0.39871172 0.39420089 0.39833666 0.40169856 0.40481692 0.4119676
 0.39928872 0.39751919 0.39511306 0.39345683 0.4056974  0.3983868
 0.4013414  0.40413552 0.399039   0.40492635 0.39102318 0.39764466
 0.39473338 0.40612036 0.39875036 0.3986179  0.40624246 0.40249381
 0.39457305 0.40140453 0.3934742  0.40877303 0.39851158 0.40362728
 0.40551436 0.41387348]
[22 24 25 19 17 26  8  9  2  1  7  3 10  6  4  5 23 32 21 30 27 31 15 29
 12 11 14 13 18 16 20 28]
shww_med
[
    {
        'regressor__n_estimators': [600],
        'regressor__learning_rate': [0.05, 0.1],
        'regressor__max_depth': [None, 5],
        'regressor__min_samples_leaf': [10, 20],
        'regressor__subsample': [1.0, 0.8],
        'regressor__max_features': ['sqrt', 'log2']
    }
]
[-0.71409766 -0.71332688 -0.71067298 -0.7148397  -0.70964879 -0.71350713
 -0.70572902 -0.70999624 -0.69915836 -0.69475084 -0.69874482 -0.68848783
 -0.7001518  -0.69864505 -0.70075818 -0.69586054 -0.71801771 -0.73533852
 -0.71746848 -0.72212042 -0.71870213 -0.73213584 -0.70980389 -0.72585668
 -0.70795516 -0.717183   -0.70605686 -0.69939942 -0.71006087 -0.7167469
 -0.70604983 -0.71239216]
[0.33860038 0.34165431 0.33508922 0.33439411 0.33985739 0.34148017
 0.33362455 0.33024846 0.3298688  0.32974998 0.33003005 0.32755851
 0.33225773 0.33557774 0.33211148 0.33080767 0.34449332 0.3434034
 0.3379239  0.33564302 0.34410486 0.33056683 0.3412729  0.34540153
 0.32992189 0.34068762 0.3291518  0.32537681 0.32982684 0.34828015
 0.32430124 0.33886194]
[22 20 18 23 14 21 10 16  6  2  5  1  8  4  9  3 27 32 26 29 28 31 15 30
 13 25 12  7 17 24 11 19]
mdts_sin
[
    {
        'regressor__n_estimators': [600],
        'regressor__learning_rate': [0.05, 0.1],
        'regressor__max_depth': [None, 5],
        'regressor__min_samples_leaf': [10, 20],
        'regressor__subsample': [1.0, 0.8],
        'regressor__max_features': ['sqrt', 'log2']
    }
]
[-0.08791868 -0.08905843 -0.08891648 -0.08831911 -0.08663355 -0.08631686
 -0.08861545 -0.08866719 -0.08663479 -0.08793971 -0.08779542 -0.08758191
 -0.08827888 -0.08830443 -0.08690162 -0.0876626  -0.08839649 -0.08893373
 -0.088203   -0.08930173 -0.08715518 -0.088402   -0.08905892 -0.08983588
 -0.08768099 -0.08990665 -0.08864021 -0.08821656 -0.08932392 -0.08943715
 -0.08801353 -0.08850939]
[0.04363862 0.04453633 0.0452462  0.04532507 0.04544828 0.0454004
 0.04538102 0.04503966 0.04612927 0.04559302 0.04650898 0.04674661
 0.04845316 0.0474256  0.04623615 0.04663075 0.0445432  0.04493778
 0.04452053 0.04367514 0.04508083 0.04444894 0.0447415  0.04361154
 0.04531564 0.04730282 0.04694572 0.04476537 0.04882038 0.04582666
 0.04539869 0.04474311]
[10 26 24 17  2  1 21 23  3 11  9  6 15 16  4  7 18 25 13 28  5 19 27 31
  8 32 22 14 29 30 12 20]
mdts_cos
[
    {
        'regressor__n_estimators': [600],
        'regressor__learning_rate': [0.05, 0.1],
        'regressor__max_depth': [None, 5],
        'regressor__min_samples_leaf': [10, 20],
        'regressor__subsample': [1.0, 0.8],
        'regressor__max_features': ['sqrt', 'log2']
    }
]
[-0.10350682 -0.10488843 -0.10434861 -0.10368769 -0.1037751  -0.10328271
 -0.10459766 -0.10445771 -0.1025255  -0.10303227 -0.10278019 -0.10306797
 -0.10102864 -0.10185465 -0.10129765 -0.10253898 -0.10476464 -0.10520836
 -0.10613509 -0.10493777 -0.10573128 -0.10559988 -0.10669842 -0.10545434
 -0.10507249 -0.1065299  -0.10403352 -0.1050809  -0.10429835 -0.10410652
 -0.10333442 -0.10334731]
[0.04391531 0.04516181 0.04403317 0.04262095 0.04555584 0.04422392
 0.04385292 0.04254086 0.04521144 0.04509268 0.04517277 0.0446863
 0.0443502  0.04462575 0.04438091 0.04422416 0.04497256 0.04336579
 0.04498907 0.04198305 0.04553809 0.04391023 0.04508823 0.04298557
 0.04601905 0.04693062 0.04397132 0.04344509 0.04508212 0.04377175
 0.04391186 0.04293451]
[12 22 18 13 14  9 20 19  4  7  6  8  1  3  2  5 21 26 30 23 29 28 32 27
 24 31 15 25 17 16 10 11]
shts_max
[
    {
        'regressor__n_estimators': [600],
        'regressor__learning_rate': [0.05, 0.1],
        'regressor__max_depth': [None, 5],
        'regressor__min_samples_leaf': [10, 20],
        'regressor__subsample': [1.0, 0.8],
        'regressor__max_features': ['sqrt', 'log2']
    }
]
[-0.55780542 -0.56850021 -0.5656482  -0.56498176 -0.56148306 -0.5622965
 -0.56630872 -0.56927056 -0.55382515 -0.55713141 -0.55076322 -0.55292766
 -0.55804085 -0.55514767 -0.55372192 -0.55393511 -0.563255   -0.57892597
 -0.56750736 -0.57608941 -0.56733243 -0.57956697 -0.57230855 -0.58502417
 -0.56405994 -0.57022529 -0.56635242 -0.56304226 -0.56420338 -0.56612194
 -0.5659009  -0.56796641]
[0.15017985 0.15648559 0.15327138 0.15455185 0.15514832 0.15742696
 0.1573425  0.1561867  0.1505041  0.15891349 0.15205438 0.15159822
 0.1541996  0.15670101 0.15412144 0.15314954 0.15247398 0.14755592
 0.15833068 0.15237715 0.1606158  0.16071578 0.16038056 0.15706076
 0.14873356 0.15980598 0.15117232 0.15868489 0.15451562 0.15717302
 0.15086167 0.15160462]
[ 8 25 17 16 10 11 20 26  4  7  1  2  9  6  3  5 13 30 23 29 22 31 28 32
 14 27 21 12 15 19 18 24]
shts_med
[
    {
        'regressor__n_estimators': [600],
        'regressor__learning_rate': [0.05, 0.1],
        'regressor__max_depth': [None, 5],
        'regressor__min_samples_leaf': [10, 20],
        'regressor__subsample': [1.0, 0.8],
        'regressor__max_features': ['sqrt', 'log2']
    }
]
[-0.49340578 -0.49650526 -0.49855862 -0.49922426 -0.49607086 -0.49983496
 -0.49746292 -0.5043601  -0.49165553 -0.49183037 -0.48913218 -0.48915911
 -0.49313804 -0.49013028 -0.49131596 -0.48906883 -0.49895689 -0.50939843
 -0.50297    -0.51335085 -0.49826507 -0.51599767 -0.50710005 -0.50659768
 -0.49950553 -0.50131953 -0.49349361 -0.50187204 -0.50247264 -0.50972415
 -0.4998577  -0.50416509]
[0.11677028 0.11236464 0.1169989  0.11463919 0.11783134 0.11607916
 0.11441234 0.11220471 0.1154666  0.11558765 0.11496159 0.11217114
 0.11548616 0.11599484 0.11307303 0.11356412 0.11690739 0.12427431
 0.11722438 0.11820002 0.11732415 0.12169916 0.11332495 0.11399407
 0.10975745 0.11852073 0.11006743 0.11907113 0.11883752 0.12226664
 0.10938611 0.1181286 ]
[ 9 12 15 17 11 19 13 26  6  7  2  3  8  4  5  1 16 29 24 31 14 32 28 27
 18 21 10 22 23 30 20 25]

*****************************************************************************
*                                                                           *
*                    JOB EFFICIENCY REPORT (seff 13113335)                   *
*                                                                           *
*****************************************************************************

Job ID: 13113335
Cluster: finisterrae3
User/Group: curso342/ulc
State: COMPLETED (exit code 0)
Nodes: 1
Cores per node: 16
CPU Utilized: 2-12:59:28
CPU Efficiency: 96.44% of 2-15:14:40 core-walltime
Job Wall-clock time: 03:57:10
Memory Utilized: 3.10 GB
Memory Efficiency: 9.70% of 32.00 GB

 +++++++++++++++++++++++++++++++++++++++++++++++++++++++++++++++++++++++++++
 ++   Memory Efficiency is too small. Please review the requested memory. ++
 ++ It seems that you do not need that much memory so we recommend        ++
 ++ requesting less memory in other similar jobs.                         ++
 +++++++++++++++++++++++++++++++++++++++++++++++++++++++++++++++++++++++++++
 
*****************************************************************************

