slurmstepd: info: Setting TMPDIR to /scratch/13107621. Previous errors about TMPDIR can be discarded
dwi_sin
[
    {
        'regressor__n_estimators': [300, 400, 500],
        'regressor__learning_rate': [0.05, 0.1],
        'regressor__max_depth': [None, 5],
        'regressor__min_samples_leaf': [10, 20],
        'regressor__subsample': [1.0, 0.8],
        'regressor__max_features': ['sqrt', 'log2']
    }
]
[-0.47675789 -0.47871384 -0.47615145 -0.48116821 -0.4775496  -0.48005005
 -0.47786702 -0.48282817 -0.47984804 -0.4812727  -0.47896998 -0.48309607
 -0.47679988 -0.47970692 -0.4773044  -0.48308738 -0.47683192 -0.48067675
 -0.48043191 -0.47983456 -0.47905862 -0.48128978 -0.47888139 -0.48119802
 -0.46947594 -0.47092786 -0.4715872  -0.47283508 -0.4755684  -0.4744069
 -0.46802273 -0.47048879 -0.47080478 -0.47360071 -0.47330289 -0.4751169
 -0.46939981 -0.46925401 -0.47189592 -0.47064765 -0.47479379 -0.47407106
 -0.47075541 -0.47178536 -0.47185876 -0.47285977 -0.4724036  -0.4760012
 -0.48442273 -0.49093096 -0.48040186 -0.49147699 -0.48405961 -0.49135498
 -0.48286401 -0.48863192 -0.48706482 -0.4907237  -0.48468794 -0.48926269
 -0.48177001 -0.48898371 -0.48226179 -0.49263399 -0.48065787 -0.49606766
 -0.48419014 -0.48920087 -0.48276043 -0.48537112 -0.48276916 -0.49006594
 -0.47963084 -0.47949959 -0.47787755 -0.4821567  -0.48087785 -0.48510784
 -0.48013663 -0.48222959 -0.47957446 -0.48617798 -0.48229303 -0.48277204
 -0.47911109 -0.48029878 -0.48137961 -0.4826485  -0.47949927 -0.48611205
 -0.47880887 -0.4808719  -0.48301809 -0.48389493 -0.48359635 -0.48503867]
[0.05959815 0.06066226 0.06070073 0.06214275 0.06251601 0.05941174
 0.06285313 0.06452283 0.06096482 0.06423851 0.06232272 0.06235077
 0.06055818 0.06027921 0.06299696 0.06136844 0.06082019 0.06128762
 0.06125875 0.06059828 0.06129782 0.06148323 0.06097504 0.06257263
 0.06585443 0.06672723 0.0665422  0.06650066 0.06853576 0.0676154
 0.06479968 0.06745877 0.06441283 0.0669113  0.06575445 0.06659671
 0.06693239 0.06600448 0.06810309 0.0662631  0.06773439 0.06788208
 0.06614506 0.0686486  0.06757063 0.06559195 0.06755467 0.06818096
 0.06084327 0.06327614 0.0611179  0.0663297  0.06459485 0.05813639
 0.060739   0.06170649 0.06333992 0.06296922 0.06109648 0.06019303
 0.06254203 0.06013106 0.06038642 0.06283105 0.05869569 0.0570489
 0.0631651  0.06557029 0.06352476 0.05734909 0.06115682 0.05604714
 0.06972655 0.06497446 0.06746266 0.06614799 0.0626953  0.06751422
 0.0657368  0.0685497  0.06734536 0.06439199 0.0669509  0.06860259
 0.06644761 0.06626448 0.06586003 0.06937086 0.06799621 0.07016077
 0.06711477 0.06807665 0.06857778 0.07022311 0.06803635 0.06768875]
[26 33 25 55 30 46 31 69 45 57 36 73 27 43 29 72 28 52 50 44 37 58 35 56
  4  9 10 15 23 20  1  5  8 18 17 22  3  2 13  6 21 19  7 11 12 16 14 24
 78 92 49 94 76 93 70 86 85 91 79 89 60 87 63 95 51 96 77 88 66 82 67 90
 42 40 32 61 54 81 47 62 41 84 64 68 38 48 59 65 39 83 34 53 71 75 74 80]
dwi_cos
[
    {
        'regressor__n_estimators': [300, 400, 500],
        'regressor__learning_rate': [0.05, 0.1],
        'regressor__max_depth': [None, 5],
        'regressor__min_samples_leaf': [10, 20],
        'regressor__subsample': [1.0, 0.8],
        'regressor__max_features': ['sqrt', 'log2']
    }
]
[-0.41358898 -0.41434108 -0.41229538 -0.41514484 -0.41175918 -0.41521209
 -0.41491873 -0.41407256 -0.41305368 -0.41693658 -0.41475803 -0.41417669
 -0.41294235 -0.41539772 -0.41189511 -0.41629908 -0.41424432 -0.41543899
 -0.41584802 -0.4126958  -0.41567829 -0.41577961 -0.41620729 -0.41800248
 -0.40842136 -0.40925151 -0.40988928 -0.41190575 -0.41127689 -0.41245935
 -0.41040315 -0.40907606 -0.40930506 -0.41202505 -0.41120062 -0.41258663
 -0.40929382 -0.41027127 -0.41185357 -0.41105637 -0.41202099 -0.41473355
 -0.40964274 -0.40953125 -0.41121447 -0.41207478 -0.41256998 -0.41201301
 -0.41702692 -0.42286656 -0.41458746 -0.42242092 -0.41480226 -0.42388021
 -0.42000017 -0.42156513 -0.420102   -0.42402586 -0.41813112 -0.42501496
 -0.4164793  -0.41938173 -0.41735142 -0.42425944 -0.41623019 -0.42720153
 -0.420073   -0.42187697 -0.41891869 -0.42156766 -0.42075844 -0.42203779
 -0.41559741 -0.4161473  -0.41709261 -0.41617759 -0.4164567  -0.42206921
 -0.41526091 -0.4156106  -0.41776433 -0.42110087 -0.42030001 -0.42109467
 -0.41447014 -0.41896523 -0.41691248 -0.4206464  -0.41831309 -0.42447102
 -0.4158016  -0.41679747 -0.41576279 -0.41853178 -0.41678123 -0.42165454]
[0.03602931 0.03821275 0.03716227 0.03755792 0.0376768  0.03874767
 0.03890056 0.03597875 0.03582439 0.0357727  0.03691082 0.03847199
 0.0355869  0.03562321 0.03647749 0.03612254 0.03874748 0.03767405
 0.03844074 0.0380157  0.03746827 0.03464785 0.03871498 0.03681071
 0.03807154 0.03686258 0.03614208 0.03582736 0.03973211 0.03718421
 0.03793825 0.03676975 0.0355684  0.03675289 0.0379942  0.0375319
 0.03739243 0.03699681 0.03647291 0.03637192 0.03513523 0.03743514
 0.03816784 0.03725675 0.0365505  0.03883775 0.03620478 0.03714603
 0.03624798 0.03713816 0.03643494 0.03512201 0.0388536  0.03638435
 0.03809582 0.03580329 0.03642759 0.03888662 0.03704465 0.0367831
 0.0354178  0.03610259 0.03634546 0.03569176 0.03682564 0.03717396
 0.03682311 0.03567296 0.03661052 0.03461831 0.03710206 0.03838329
 0.03748692 0.03739895 0.0364482  0.0355588  0.03623427 0.03594764
 0.0374127  0.03935127 0.03721647 0.0361684  0.03808387 0.03594084
 0.03384626 0.03295922 0.03668206 0.03446131 0.03507833 0.03451942
 0.03683715 0.03638867 0.03670184 0.03823082 0.03811134 0.03795846]
[30 34 23 41 15 42 40 31 29 63 38 32 28 44 17 57 33 45 52 27 48 50 55 68
  1  3  8 18 14 24 10  2  5 21 12 26  4  9 16 11 20 37  7  6 13 22 25 19
 64 90 36 89 39 91 75 83 77 92 69 95 59 74 66 93 56 96 76 86 72 84 80 87
 46 53 65 54 58 88 43 47 67 82 78 81 35 73 62 79 70 94 51 61 49 71 60 85]
wind_max
[
    {
        'regressor__n_estimators': [300, 400, 500],
        'regressor__learning_rate': [0.05, 0.1],
        'regressor__max_depth': [None, 5],
        'regressor__min_samples_leaf': [10, 20],
        'regressor__subsample': [1.0, 0.8],
        'regressor__max_features': ['sqrt', 'log2']
    }
]
[-2.38352135 -2.38196269 -2.37772861 -2.40112612 -2.38622378 -2.38001278
 -2.36029414 -2.36694401 -2.37536378 -2.36397653 -2.37628811 -2.36419065
 -2.36290144 -2.35821356 -2.36459051 -2.37632968 -2.34583521 -2.37860109
 -2.35768586 -2.35745652 -2.37346796 -2.36590815 -2.35313974 -2.34620313
 -2.30535535 -2.3195607  -2.33578682 -2.334337   -2.31338638 -2.32595258
 -2.30015889 -2.32020714 -2.31408091 -2.31561539 -2.31431356 -2.32787
 -2.31696447 -2.32280325 -2.31765869 -2.32644268 -2.31025007 -2.33317142
 -2.30072628 -2.31806859 -2.31773729 -2.31318587 -2.32126404 -2.30262827
 -2.40498021 -2.43122139 -2.41085151 -2.41320901 -2.41214206 -2.42289725
 -2.38667905 -2.39638177 -2.39965219 -2.39891922 -2.38218261 -2.38407042
 -2.38143756 -2.42094707 -2.40299282 -2.39965565 -2.39831214 -2.39666149
 -2.38633405 -2.39697652 -2.37848847 -2.41516271 -2.37973859 -2.40229202
 -2.34998798 -2.39894632 -2.34895567 -2.35438308 -2.38032012 -2.37550379
 -2.34679504 -2.34762483 -2.36446356 -2.36058252 -2.34008273 -2.34663742
 -2.35523577 -2.35205677 -2.33333374 -2.36331716 -2.35233323 -2.35711569
 -2.32857021 -2.35216712 -2.32850802 -2.34595067 -2.36319461 -2.36471543]
[0.35443608 0.34920266 0.3555475  0.34697951 0.35392766 0.3433143
 0.36280064 0.35866366 0.35126131 0.35622717 0.36090432 0.37184839
 0.33750745 0.34698598 0.34567436 0.34419201 0.35072245 0.34098961
 0.3524477  0.36626151 0.3578896  0.37251176 0.36170334 0.37508851
 0.36240132 0.35714195 0.34798229 0.36002601 0.34942535 0.35960607
 0.36459447 0.36926278 0.37499619 0.36243755 0.3753203  0.37989173
 0.36546081 0.36881637 0.35730538 0.34381898 0.34422116 0.35318285
 0.37192348 0.37209454 0.36450261 0.36793549 0.36483591 0.37574097
 0.35654116 0.32736561 0.33820935 0.33805653 0.34228101 0.33554748
 0.37527432 0.35765555 0.36157347 0.37133622 0.35207454 0.3636757
 0.36992082 0.34482959 0.34523912 0.33759394 0.36484196 0.35911412
 0.37797694 0.37728533 0.37446021 0.36253222 0.36957586 0.36077238
 0.36027746 0.35405993 0.33319412 0.35897557 0.35154313 0.33331237
 0.34804706 0.36572039 0.35730231 0.39140796 0.36101419 0.37569327
 0.35033829 0.34856336 0.35879228 0.36268404 0.35030291 0.35905378
 0.35593252 0.35914872 0.36410586 0.3928004  0.36656907 0.37102318]
[73 71 64 86 75 68 47 58 60 52 62 53 49 46 55 63 29 66 45 44 59 57 40 31
  4 15 27 26  7 19  1 16  8 10  9 21 11 18 12 20  5 24  2 14 13  6 17  3
 89 96 90 92 91 95 77 78 84 82 72 74 70 94 88 85 81 79 76 80 65 93 67 87
 36 83 35 41 69 61 33 34 54 48 28 32 42 37 25 51 39 43 23 38 22 30 50 56]
wind_med
[
    {
        'regressor__n_estimators': [300, 400, 500],
        'regressor__learning_rate': [0.05, 0.1],
        'regressor__max_depth': [None, 5],
        'regressor__min_samples_leaf': [10, 20],
        'regressor__subsample': [1.0, 0.8],
        'regressor__max_features': ['sqrt', 'log2']
    }
]
[-2.07397918 -2.05441522 -2.06821285 -2.0796519  -2.06899478 -2.06666752
 -2.05596786 -2.04163597 -2.06256993 -2.05892917 -2.05685152 -2.06960769
 -2.05897699 -2.06183507 -2.05647763 -2.07072216 -2.06003482 -2.06133254
 -2.05629354 -2.04120445 -2.05056434 -2.07679742 -2.045485   -2.07030199
 -2.01900489 -2.0268866  -2.03789303 -2.02724342 -2.03511929 -2.02384894
 -2.01861866 -2.02236123 -2.02725955 -2.02189941 -2.0239849  -2.03626074
 -2.02338696 -2.01071752 -2.020825   -2.02348919 -2.02140098 -2.03255779
 -2.01330953 -2.0092825  -2.01586622 -2.01773157 -2.01949906 -2.02742579
 -2.09289534 -2.10065066 -2.09329426 -2.13388298 -2.07856192 -2.10395296
 -2.07191037 -2.07516741 -2.0806691  -2.0937003  -2.07868115 -2.10049569
 -2.06407911 -2.12755276 -2.07642131 -2.10656536 -2.07792281 -2.11126375
 -2.08698697 -2.07678053 -2.06547981 -2.09643877 -2.06972352 -2.10723794
 -2.0367331  -2.05833448 -2.05245925 -2.09191856 -2.07282712 -2.07184081
 -2.05407218 -2.0649359  -2.05184875 -2.06537787 -2.06367055 -2.05591256
 -2.03989459 -2.05455617 -2.05561959 -2.06875627 -2.05601603 -2.0852523
 -2.04047898 -2.05050505 -2.05196003 -2.07020145 -2.05787273 -2.06366611]
[0.37150719 0.38463415 0.37770679 0.38679378 0.37736824 0.38668511
 0.39208392 0.41484728 0.40160878 0.40756432 0.40099535 0.4098756
 0.38658619 0.38783323 0.38553378 0.37787287 0.38974933 0.39826928
 0.39321052 0.40416862 0.40574068 0.40429837 0.40006275 0.40584519
 0.39027664 0.40154086 0.39291059 0.38593312 0.39126316 0.40681948
 0.40229736 0.40573484 0.40452466 0.40946389 0.39900221 0.40112605
 0.40105303 0.40434133 0.39752922 0.40313187 0.39706943 0.39537705
 0.40601976 0.41420708 0.40317326 0.40432452 0.40516371 0.39953919
 0.38306257 0.39753089 0.37172864 0.39905796 0.36790192 0.41265769
 0.39314964 0.39269945 0.389271   0.40673802 0.39685596 0.41748592
 0.39344555 0.39144307 0.39490506 0.38024737 0.39089705 0.4031061
 0.39399955 0.40313911 0.4117106  0.3991063  0.40473435 0.40818313
 0.39507093 0.41230622 0.38817583 0.42291518 0.37875347 0.41221299
 0.39707031 0.41979774 0.39289977 0.40871595 0.3989732  0.40898947
 0.38757789 0.39292541 0.40625505 0.40054615 0.39887793 0.43094402
 0.39249011 0.41421253 0.38779631 0.42280271 0.40186514 0.41529233]
[72 37 61 80 63 60 41 29 53 48 45 64 49 52 44 68 50 51 43 28 32 76 30 67
  7 17 25 18 22 15  6 12 19 11 16 23 13  2  9 14 10 21  3  1  4  5  8 20
 85 90 86 96 78 91 70 73 81 87 79 89 56 95 74 92 77 94 83 75 59 88 65 93
 24 47 35 84 71 69 36 57 33 58 55 40 26 38 39 62 42 82 27 31 34 66 46 54]
shww_max
[
    {
        'regressor__n_estimators': [300, 400, 500],
        'regressor__learning_rate': [0.05, 0.1],
        'regressor__max_depth': [None, 5],
        'regressor__min_samples_leaf': [10, 20],
        'regressor__subsample': [1.0, 0.8],
        'regressor__max_features': ['sqrt', 'log2']
    }
]
[-0.93418676 -0.94252087 -0.92819346 -0.93216198 -0.93796539 -0.9405611
 -0.93599551 -0.92748246 -0.93760109 -0.94127594 -0.93755669 -0.93331895
 -0.9367742  -0.93793167 -0.93167069 -0.93123819 -0.93159232 -0.9406975
 -0.93210206 -0.9292954  -0.92847763 -0.93322593 -0.93305826 -0.93404396
 -0.91457358 -0.90940165 -0.91784546 -0.91340752 -0.91668645 -0.91306902
 -0.9116426  -0.90609496 -0.91450861 -0.91247202 -0.9157871  -0.91327051
 -0.90681786 -0.91793324 -0.92180655 -0.91835926 -0.92172053 -0.91436233
 -0.91120271 -0.91579883 -0.91526987 -0.9166837  -0.91417771 -0.91441945
 -0.93561418 -0.9392461  -0.94724909 -0.95023922 -0.94745785 -0.95974432
 -0.94441775 -0.94531291 -0.9401141  -0.95403506 -0.95208516 -0.95780443
 -0.94123162 -0.94906892 -0.93639765 -0.95135521 -0.94555987 -0.94879698
 -0.94333561 -0.94184848 -0.94731434 -0.94612289 -0.93893195 -0.94850722
 -0.92912922 -0.92013281 -0.93208906 -0.92112546 -0.93376463 -0.94706867
 -0.92791053 -0.93165223 -0.9324629  -0.9297288  -0.92643293 -0.93536322
 -0.927718   -0.92909386 -0.92552105 -0.93399265 -0.93358572 -0.94577393
 -0.92374542 -0.9293373  -0.926573   -0.93275527 -0.93462622 -0.93834242]
[0.39655268 0.40296496 0.39796348 0.39563657 0.40277281 0.39825677
 0.40227614 0.40247492 0.40801782 0.41245044 0.40790333 0.39802512
 0.40326769 0.41156882 0.40763468 0.40717204 0.40858165 0.40127719
 0.40892485 0.40687108 0.40093995 0.40155326 0.40860405 0.41166639
 0.39624956 0.39871794 0.39296532 0.39986531 0.39195951 0.40034959
 0.40084796 0.40011763 0.39866992 0.40218915 0.39570405 0.39914713
 0.39029965 0.40651266 0.40317097 0.39862762 0.40208413 0.40042379
 0.39634007 0.40143741 0.40008067 0.4016081  0.39734161 0.40336713
 0.39611897 0.40449829 0.40503009 0.39650453 0.41088724 0.39366524
 0.39677947 0.4009884  0.40974428 0.40321777 0.41018029 0.41408393
 0.41595911 0.41033828 0.40904254 0.40166716 0.40659105 0.40725528
 0.40656974 0.39320914 0.40757856 0.39409535 0.40154406 0.40911641
 0.39743557 0.38965042 0.40425542 0.39260624 0.39079213 0.40683002
 0.39440369 0.40831325 0.39957371 0.40358144 0.39294528 0.40421469
 0.39982259 0.40648679 0.3997684  0.406642   0.39629242 0.41753053
 0.39658582 0.4028556  0.39806605 0.39719437 0.39857731 0.41021412]
[57 77 34 47 67 72 61 31 65 75 64 52 63 66 44 41 42 73 46 38 35 51 50 56
 14  3 20  9 19  7  5  1 13  6 16  8  2 21 26 22 25 11  4 17 15 18 10 12
 60 70 85 91 87 96 79 80 71 94 93 95 74 90 62 92 81 89 78 76 86 83 69 88
 37 23 45 24 54 84 33 43 48 40 29 59 32 36 28 55 53 82 27 39 30 49 58 68]
