slurmstepd: info: Setting TMPDIR to /scratch/13087824. Previous errors about TMPDIR can be discarded
dwi_sin
[
    {
        'regressor__n_estimators': [200, 300, 400, 500],
        'regressor__learning_rate': [0.05, 0.1],
        'regressor__max_depth': [None, 5],
        'regressor__min_samples_leaf': [10, 20],
        'regressor__subsample': [1.0, 0.8],
        'regressor__max_features': ['sqrt', 'log2']
    }
]
[-0.47861274 -0.47924411 -0.47907839 -0.48100661 -0.47610308 -0.48100413
 -0.47672917 -0.48104901 -0.478826   -0.47895525 -0.47660964 -0.48311954
 -0.48025487 -0.48162568 -0.47741551 -0.48234315 -0.47637846 -0.48069118
 -0.47834311 -0.47943329 -0.47723649 -0.48017719 -0.47951167 -0.48102756
 -0.47719366 -0.47925793 -0.47879965 -0.47993576 -0.4797438  -0.4831451
 -0.47902587 -0.4830275  -0.46903737 -0.4682014  -0.47040131 -0.47268028
 -0.47226342 -0.47541626 -0.47317203 -0.47617254 -0.46602041 -0.46885734
 -0.46975652 -0.47222989 -0.47044526 -0.47265951 -0.47328079 -0.47530296
 -0.46786753 -0.46908216 -0.46927113 -0.4704806  -0.47148418 -0.47107904
 -0.47314003 -0.47722683 -0.46632481 -0.46659136 -0.46932579 -0.46871804
 -0.47059687 -0.47290222 -0.47299845 -0.47616299 -0.48094335 -0.48890459
 -0.48360184 -0.48773524 -0.48181285 -0.4961137  -0.48163402 -0.4909375
 -0.4822232  -0.48642317 -0.48472633 -0.49054725 -0.48511591 -0.49163758
 -0.48476045 -0.49257341 -0.48146374 -0.48843023 -0.48063921 -0.4915515
 -0.48284557 -0.49436328 -0.47902232 -0.49101739 -0.48161924 -0.48605967
 -0.48481642 -0.49163864 -0.48308755 -0.49084738 -0.48561095 -0.48956243
 -0.47493858 -0.47928454 -0.47797382 -0.48065401 -0.48124051 -0.48196458
 -0.48246097 -0.48610582 -0.47535317 -0.47387682 -0.48198349 -0.48249046
 -0.48031701 -0.48505657 -0.48024897 -0.49057922 -0.47661276 -0.47997461
 -0.47931759 -0.48407385 -0.4796619  -0.48318275 -0.48350368 -0.48353102
 -0.4744186  -0.47742529 -0.47754427 -0.47856554 -0.47998111 -0.48581746
 -0.48255012 -0.48444643]
[0.06119959 0.06304029 0.06022891 0.0601153  0.05969157 0.06217131
 0.05898513 0.06086811 0.06331003 0.06205683 0.06188699 0.06133559
 0.0635166  0.06313894 0.05897175 0.06326753 0.06060108 0.05967139
 0.05897297 0.06196211 0.06080303 0.06059849 0.06122171 0.06329998
 0.0622407  0.06259156 0.06363386 0.0604675  0.06299488 0.06235285
 0.06219812 0.06185798 0.06545589 0.06373953 0.06596723 0.06644036
 0.06686604 0.06818133 0.06560845 0.06753073 0.0650827  0.06672869
 0.0651537  0.06636633 0.06461118 0.06520398 0.0673402  0.06720126
 0.06561466 0.06424222 0.06677297 0.06659319 0.06840426 0.06753728
 0.06723024 0.06661221 0.06630003 0.06493625 0.0652423  0.0676482
 0.06572873 0.06786399 0.06746916 0.06599546 0.05945419 0.06396039
 0.06157383 0.06177892 0.06168769 0.06239601 0.06236618 0.06004554
 0.06142615 0.06539552 0.06308462 0.06405116 0.06520469 0.06414098
 0.06393005 0.05701102 0.06230587 0.05992621 0.06064555 0.06492871
 0.06215242 0.06439655 0.06125384 0.05943632 0.06223411 0.06160882
 0.06535776 0.0595019  0.05950734 0.06346698 0.06454413 0.06156493
 0.07050814 0.06570815 0.06790377 0.06625064 0.06499061 0.0703709
 0.06734119 0.06985192 0.06532855 0.06708575 0.06616968 0.07030075
 0.06732183 0.06758931 0.06279773 0.06626183 0.06958084 0.07169523
 0.06832278 0.06944108 0.06756441 0.07021368 0.06749991 0.06818078
 0.06648174 0.06482782 0.06788728 0.0722347  0.06464938 0.06946502
 0.0667677  0.06612   ]
[ 50  57  56  77  34  76  40  79  52  53  38  96  70  83  44  89  37  74
  48  61  43  68  62  78  41  58  51  65  64  97  55  94   8   5  13  22
  20  33  26  36   1   7  12  19  14  21  27  31   4   9  10  15  18  17
  25  42   2   3  11   6  16  23  24  35  75 116 101 114  85 128  84 121
  88 113 104 118 108 124 105 126  81 115  72 123  93 127  54 122  82 111
 106 125  95 120 109 117  30  59  47  73  80  86  90 112  32  28  87  91
  71 107  69 119  39  66  60 102  63  98  99 100  29  45  46  49  67 110
  92 103]
dwi_cos
[
    {
        'regressor__n_estimators': [200, 300, 400, 500],
        'regressor__learning_rate': [0.05, 0.1],
        'regressor__max_depth': [None, 5],
        'regressor__min_samples_leaf': [10, 20],
        'regressor__subsample': [1.0, 0.8],
        'regressor__max_features': ['sqrt', 'log2']
    }
]
[-0.41198067 -0.41244092 -0.41384169 -0.41316752 -0.4127617  -0.41363024
 -0.41023954 -0.41412496 -0.41197574 -0.41530959 -0.4154537  -0.41456117
 -0.41355983 -0.41450339 -0.41351786 -0.41440295 -0.41358066 -0.41557317
 -0.412985   -0.41369967 -0.41310674 -0.41306511 -0.41589168 -0.41375823
 -0.41303075 -0.41411889 -0.41466408 -0.41658532 -0.41537954 -0.41788875
 -0.41531334 -0.41860213 -0.4062607  -0.40842001 -0.40992193 -0.40957377
 -0.40997435 -0.41181453 -0.41169608 -0.4122041  -0.40666326 -0.40876575
 -0.40882152 -0.40977762 -0.41047325 -0.41139478 -0.41111204 -0.413002
 -0.40836008 -0.40869559 -0.40960003 -0.41124735 -0.41085964 -0.412075
 -0.41287363 -0.41298729 -0.40737326 -0.40933676 -0.40930472 -0.40914353
 -0.41082788 -0.41286991 -0.41140407 -0.41363889 -0.41569734 -0.41927012
 -0.41552529 -0.42603705 -0.4168926  -0.42585028 -0.41620599 -0.42550084
 -0.41853181 -0.42012269 -0.41803739 -0.42309765 -0.41921406 -0.42120004
 -0.4151652  -0.42313993 -0.41820369 -0.42495466 -0.41722836 -0.42362377
 -0.41878852 -0.42359244 -0.41649198 -0.42449602 -0.41790589 -0.42239693
 -0.41774074 -0.42031069 -0.41839326 -0.42286453 -0.41876184 -0.42391689
 -0.41350348 -0.41468799 -0.41649667 -0.4154727  -0.41763705 -0.41846512
 -0.41765987 -0.42276999 -0.41437974 -0.41427722 -0.41599667 -0.41830154
 -0.41616247 -0.41897318 -0.41907423 -0.42143154 -0.41555999 -0.4154336
 -0.41783642 -0.41618372 -0.41669308 -0.41897653 -0.42125998 -0.42207748
 -0.4126452  -0.41278455 -0.4165289  -0.4210701  -0.41690092 -0.41992591
 -0.42043787 -0.42026335]
[0.03505669 0.03556169 0.03526748 0.03598436 0.03592308 0.03876069
 0.03666036 0.03562516 0.03591438 0.03652071 0.03686304 0.03808425
 0.03709718 0.03751263 0.03773738 0.03810586 0.03824053 0.0387874
 0.03469786 0.03646698 0.03768123 0.03548799 0.0368725  0.03680526
 0.03818165 0.03750667 0.03725403 0.03424685 0.03595313 0.03781211
 0.03731964 0.03635351 0.03838109 0.03747438 0.03866889 0.03768642
 0.03765613 0.03679694 0.03616189 0.03764573 0.0392826  0.0376734
 0.03778179 0.03549262 0.03740144 0.03731929 0.03617196 0.03675762
 0.03867344 0.03733313 0.03740594 0.03753025 0.03699241 0.03587352
 0.03500853 0.03675401 0.03778604 0.03853153 0.03769188 0.03721727
 0.03801767 0.03912431 0.03767667 0.03601563 0.03729591 0.03789555
 0.03585886 0.03626262 0.03864219 0.03400252 0.03888411 0.03387956
 0.03722103 0.03545233 0.03961445 0.03516181 0.04015893 0.03936913
 0.03772798 0.03767572 0.03430441 0.03786118 0.03778897 0.03931095
 0.03437616 0.03852563 0.03704084 0.0342037  0.03652678 0.03721322
 0.03672517 0.03743393 0.03688685 0.03637315 0.03680157 0.03538272
 0.03665106 0.03612301 0.03786213 0.03572418 0.03389132 0.0353233
 0.03728481 0.03220154 0.0405931  0.03805598 0.03507499 0.03766378
 0.03630385 0.03921171 0.03693983 0.03373132 0.03799304 0.03603596
 0.03450164 0.03377737 0.03713125 0.03381432 0.03642979 0.03561392
 0.03847978 0.03483872 0.03856686 0.03593599 0.03772531 0.03630555
 0.03523671 0.0340704 ]
[ 28  31  52  43  33  48  17  54  27  63  67  59  46  58  45  57  47  71
  37  50  42  41  73  51  40  53  60  81  65  90  64  98   1   5  15  12
  16  26  25  30   2   7   8  14  18  23  21  39   4   6  13  22  20  29
  36  38   3  11  10   9  19  35  24  49  72 105  69 128  83 127  77 126
  97 107  92 119 104 112  62 120  93 125  85 122 100 121  78 124  91 116
  88 109  95 118  99 123  44  61  79  68  86  96  87 117  56  55  74  94
  75 101 103 114  70  66  89  76  82 102 113 115  32  34  80 111  84 106
 110 108]
wind_max
[
    {
        'regressor__n_estimators': [200, 300, 400, 500],
        'regressor__learning_rate': [0.05, 0.1],
        'regressor__max_depth': [None, 5],
        'regressor__min_samples_leaf': [10, 20],
        'regressor__subsample': [1.0, 0.8],
        'regressor__max_features': ['sqrt', 'log2']
    }
]
[-2.38038223 -2.37364835 -2.37608188 -2.37410343 -2.38657069 -2.3791408
 -2.38283464 -2.38281278 -2.35791474 -2.35361818 -2.37068287 -2.35822622
 -2.37524251 -2.36660589 -2.36699358 -2.37316306 -2.35672982 -2.35980193
 -2.37239373 -2.36875787 -2.3586606  -2.37211373 -2.37542776 -2.35818769
 -2.34463027 -2.3495677  -2.35989458 -2.35101758 -2.35673478 -2.36023665
 -2.37371533 -2.35906318 -2.32386601 -2.30803995 -2.32051624 -2.34056688
 -2.33042197 -2.32133026 -2.33765858 -2.32924438 -2.30855908 -2.30290974
 -2.30781076 -2.30491021 -2.31213696 -2.30601006 -2.32648513 -2.31439178
 -2.31151559 -2.30570052 -2.32089553 -2.31783813 -2.32026942 -2.32472317
 -2.34267604 -2.31144359 -2.29506936 -2.29607255 -2.30356285 -2.31295436
 -2.30255412 -2.30803297 -2.31843505 -2.32032479 -2.41033629 -2.4120839
 -2.3888898  -2.44270775 -2.3871404  -2.43358789 -2.3924419  -2.44698078
 -2.39220232 -2.38560879 -2.38535271 -2.38687773 -2.39562485 -2.407812
 -2.40417748 -2.40458433 -2.36204272 -2.41693671 -2.38880008 -2.40939244
 -2.40135329 -2.40130001 -2.369514   -2.42227357 -2.38635082 -2.39953632
 -2.3876615  -2.37115203 -2.38105488 -2.40755392 -2.38881972 -2.40979174
 -2.34911986 -2.33857756 -2.3285657  -2.37818293 -2.34456341 -2.3648963
 -2.33368715 -2.3407367  -2.32956189 -2.34358333 -2.34171047 -2.32274371
 -2.34453103 -2.35204197 -2.32747538 -2.34256491 -2.31693883 -2.3584439
 -2.33434132 -2.34893144 -2.34863918 -2.35586939 -2.35861005 -2.37742996
 -2.31680593 -2.32184401 -2.32695347 -2.35257496 -2.34750607 -2.34922804
 -2.34441832 -2.34279965]
[0.33972965 0.34310266 0.35597644 0.34092137 0.3364206  0.34998996
 0.34476931 0.34588281 0.36439962 0.36736859 0.36220943 0.37200158
 0.36726449 0.36372131 0.37128908 0.36036632 0.34653287 0.35691736
 0.34856639 0.34347318 0.33680831 0.35166804 0.33514757 0.33789241
 0.36182993 0.3666695  0.35351929 0.35302212 0.35555    0.362942
 0.36895767 0.39179968 0.35805859 0.3557798  0.35473223 0.34639677
 0.34761401 0.35643105 0.34805064 0.37494008 0.36412496 0.38281356
 0.37409923 0.37466035 0.36480819 0.38170405 0.36898383 0.37978687
 0.36919214 0.36371159 0.35824553 0.36021161 0.36380183 0.36385936
 0.3610035  0.36917938 0.37054663 0.37383307 0.36137362 0.37559755
 0.37188452 0.38010498 0.3641244  0.3750671  0.33428288 0.35102621
 0.35941828 0.35852375 0.34756774 0.351354   0.32677415 0.37340412
 0.37646518 0.36757135 0.37387687 0.36907701 0.35977243 0.35905167
 0.35704071 0.36849292 0.35116395 0.36096787 0.34178826 0.33546624
 0.35401722 0.3579611  0.3467274  0.36760167 0.36885624 0.36080564
 0.34046025 0.37139729 0.37388584 0.37861396 0.364831   0.37985623
 0.34339278 0.35812807 0.35877633 0.34857863 0.34348071 0.34499738
 0.34965137 0.35539782 0.35706878 0.37072342 0.36186216 0.37869649
 0.36272953 0.38448729 0.35995035 0.37990585 0.36062295 0.35811336
 0.35291762 0.3449923  0.34504367 0.36406432 0.35347079 0.38836091
 0.36150847 0.37456068 0.37418062 0.37325827 0.36286907 0.37426563
 0.35719826 0.38279499]
[ 96  87  92  89 103  95  99  98  66  62  82  68  90  78  79  86  64  73
  85  80  71  84  91  67  52  58  74  59  65  75  88  72  29  11  24  42
  37  26  40  35  12   4   9   6  15   8  31  17  14   7  25  20  22  30
  46  13   1   2   5  16   3  10  21  23 122 123 109 127 105 126 111 128
 110 101 100 104 112 119 116 117  76 124 107 120 115 114  81 125 102 113
 106  83  97 118 108 121  56  41  34  94  51  77  38  43  36  48  44  28
  50  60  33  45  19  69  39  55  54  63  70  93  18  27  32  61  53  57
  49  47]
wind_med
[
    {
        'regressor__n_estimators': [200, 300, 400, 500],
        'regressor__learning_rate': [0.05, 0.1],
        'regressor__max_depth': [None, 5],
        'regressor__min_samples_leaf': [10, 20],
        'regressor__subsample': [1.0, 0.8],
        'regressor__max_features': ['sqrt', 'log2']
    }
]
[-2.07573211 -2.06599171 -2.05883029 -2.07311403 -2.05014041 -2.07191411
 -2.07689843 -2.08522586 -2.06117626 -2.0520269  -2.06269845 -2.07121855
 -2.05333911 -2.05563117 -2.05192112 -2.06319139 -2.06345763 -2.06100467
 -2.05536102 -2.06009777 -2.06750926 -2.07092037 -2.05629147 -2.07033406
 -2.05680315 -2.04110037 -2.04619015 -2.0556581  -2.04488908 -2.05136959
 -2.06234575 -2.05122397 -2.02326236 -2.02537818 -2.02466557 -2.01931908
 -2.03622636 -2.02453054 -2.03636989 -2.02853586 -2.00878798 -2.00334114
 -2.02146073 -2.01918602 -2.02802937 -2.02930883 -2.02802147 -2.02223351
 -2.0052852  -2.0143413  -2.01946139 -2.0299595  -2.02444822 -2.03326907
 -2.02084585 -2.03111961 -2.01603925 -2.00467893 -2.02743728 -2.0114469
 -2.01820924 -2.01988655 -2.02840599 -2.03915187 -2.08796936 -2.10526795
 -2.09989903 -2.11365714 -2.10621997 -2.10255322 -2.09108814 -2.11231874
 -2.07112511 -2.089639   -2.0692763  -2.10994128 -2.09097925 -2.09111584
 -2.08630074 -2.09347207 -2.09290893 -2.10066464 -2.07702169 -2.06834011
 -2.08018125 -2.09431339 -2.07776124 -2.12055363 -2.09038426 -2.07089234
 -2.06833061 -2.07968832 -2.07624827 -2.08481758 -2.09208005 -2.11117202
 -2.05028015 -2.04480241 -2.04065045 -2.0492427  -2.06222324 -2.07124568
 -2.08457524 -2.06523366 -2.02397459 -2.0352349  -2.05586802 -2.04905242
 -2.05596401 -2.08556305 -2.05565004 -2.08467808 -2.03906338 -2.04952327
 -2.0568772  -2.05341322 -2.04037581 -2.0700617  -2.06025322 -2.07195349
 -2.03055864 -2.0503083  -2.05434335 -2.05328352 -2.05496697 -2.06116785
 -2.07540201 -2.06865582]
[0.37739178 0.3957926  0.38421921 0.39672778 0.37649917 0.38856523
 0.37615248 0.38531338 0.40331585 0.40050921 0.40888882 0.409408
 0.4049875  0.39952277 0.40536657 0.40557098 0.38532707 0.39532105
 0.39181839 0.39825811 0.38319213 0.38593736 0.38600605 0.39497257
 0.40522716 0.41211819 0.39857558 0.40473523 0.39972736 0.41610211
 0.39076931 0.40789819 0.39219026 0.40419884 0.40867399 0.40531169
 0.39060888 0.40421696 0.40813206 0.40521139 0.40653308 0.39339741
 0.40647931 0.41521863 0.40639544 0.40105744 0.39554192 0.40274714
 0.39573615 0.40592239 0.40238033 0.40229819 0.39979241 0.40679954
 0.39469967 0.39146301 0.40346064 0.40766397 0.40352505 0.41335104
 0.39609239 0.42106563 0.41014165 0.41334573 0.38313404 0.390961
 0.36997958 0.37248281 0.37682875 0.39847308 0.3767555  0.37382312
 0.41177369 0.4169571  0.4169313  0.4103825  0.4158087  0.42234011
 0.39910059 0.41326539 0.39756579 0.39319888 0.39295187 0.3883569
 0.3976897  0.3743749  0.37097722 0.35778915 0.40065591 0.40913817
 0.38897749 0.42395854 0.39829956 0.40968918 0.40810672 0.40780252
 0.39265697 0.37502729 0.40436074 0.38694666 0.38680445 0.39371154
 0.40648215 0.43294257 0.41560103 0.41085467 0.3982215  0.40349293
 0.40135258 0.40344794 0.40814305 0.41334678 0.37914108 0.40084496
 0.41056447 0.39002703 0.39425348 0.40538091 0.39072633 0.40940318
 0.40157836 0.41040224 0.40876304 0.40997715 0.4136544  0.40826012
 0.40870635 0.41989724]
[ 96  79  67  94  46  92  98 106  72  52  75  90  54  59  51  76  77  70
  58  68  80  88  64  86  65  39  42  61  41  50  74  49  16  21  20  10
  33  19  34  26   4   1  14   9  24  27  23  15   3   6  11  28  18  31
  13  30   7   2  22   5   8  12  25  36 109 122 119 127 123 121 113 126
  89 110  84 124 112 114 108 117 116 120  99  82 102 118 100 128 111  87
  81 101  97 105 115 125  47  40  38  44  73  91 103  78  17  32  62  43
  63 107  60 104  35  45  66  55  37  85  69  93  29  48  56  53  57  71
  95  83]
shww_max
[
    {
        'regressor__n_estimators': [200, 300, 400, 500],
        'regressor__learning_rate': [0.05, 0.1],
        'regressor__max_depth': [None, 5],
        'regressor__min_samples_leaf': [10, 20],
        'regressor__subsample': [1.0, 0.8],
        'regressor__max_features': ['sqrt', 'log2']
    }
]
[-0.92878225 -0.9308444  -0.92713201 -0.93370305 -0.92917839 -0.93704296
 -0.93421271 -0.9354514  -0.93017292 -0.9332646  -0.93438162 -0.92705352
 -0.93327797 -0.93522755 -0.94172975 -0.93185875 -0.92951142 -0.9315014
 -0.92682442 -0.9302863  -0.92992467 -0.93482211 -0.93343219 -0.93726933
 -0.92610176 -0.92351932 -0.93445175 -0.92218532 -0.92496841 -0.9280789
 -0.9345322  -0.93549321 -0.90766144 -0.90726438 -0.91747316 -0.91202464
 -0.91747697 -0.90960788 -0.92608405 -0.90935487 -0.90190829 -0.90517149
 -0.91558047 -0.91223177 -0.91573652 -0.90820053 -0.92015771 -0.91311881
 -0.90929641 -0.91135911 -0.90941551 -0.90644281 -0.91743379 -0.91518616
 -0.91435721 -0.91833664 -0.90531175 -0.90103858 -0.91381018 -0.90953613
 -0.91395275 -0.91206202 -0.91931748 -0.91431107 -0.95026238 -0.9523796
 -0.94725101 -0.94748462 -0.93589296 -0.95154953 -0.94490784 -0.96047684
 -0.94282568 -0.94690895 -0.93644582 -0.94777265 -0.95114045 -0.93810589
 -0.94259314 -0.95263263 -0.9435478  -0.95158695 -0.93889555 -0.9581606
 -0.93941428 -0.95907788 -0.9415555  -0.96966433 -0.94045919 -0.93205417
 -0.93693885 -0.95275987 -0.93372292 -0.95041476 -0.94433578 -0.943275
 -0.92395232 -0.92214093 -0.92951114 -0.91430095 -0.92690092 -0.92388764
 -0.93166427 -0.93289595 -0.92357851 -0.93529269 -0.92520524 -0.92640816
 -0.92261022 -0.92769855 -0.94152738 -0.94446541 -0.92212793 -0.92289021
 -0.92458708 -0.9244235  -0.93053311 -0.92531025 -0.92778833 -0.93670361
 -0.92180638 -0.91897067 -0.93601733 -0.93086413 -0.94120923 -0.92677427
 -0.93126975 -0.94181993]
[0.40131058 0.39122064 0.39601478 0.39815637 0.39153534 0.40557331
 0.40750534 0.39815477 0.39680335 0.40238413 0.40342055 0.395961
 0.40221635 0.40528386 0.40821527 0.39771988 0.40343909 0.40839633
 0.3975602  0.4094587  0.39888186 0.4041882  0.40631004 0.4049211
 0.40197755 0.39571706 0.40811983 0.39853251 0.40532604 0.40021135
 0.40344784 0.40126326 0.39057285 0.39978751 0.40313267 0.39878038
 0.39692208 0.39387924 0.40403614 0.39547102 0.39921041 0.39151981
 0.40418366 0.39934925 0.40234398 0.40042045 0.39876709 0.39672051
 0.40167854 0.4007172  0.39287499 0.40052915 0.39844856 0.40173272
 0.39299789 0.40591028 0.39418584 0.3950214  0.39954412 0.40152951
 0.39945698 0.40039515 0.40201058 0.40208115 0.40112485 0.40336898
 0.40336337 0.4120622  0.39878237 0.39607914 0.40938164 0.404847
 0.38569276 0.39725462 0.40671459 0.39653794 0.4088036  0.39953568
 0.40483475 0.40749045 0.41090115 0.41109966 0.4004798  0.42231837
 0.39919638 0.41447074 0.4041923  0.42291141 0.41258474 0.40903915
 0.41279309 0.39614351 0.39420732 0.40880622 0.40119417 0.40370497
 0.39793618 0.39627709 0.39026539 0.38754587 0.39287007 0.39589262
 0.38165956 0.3961519  0.39376784 0.41117492 0.40067538 0.39950501
 0.39558083 0.39912444 0.4055054  0.40201101 0.39132686 0.40272957
 0.40010968 0.39658411 0.39899834 0.40258843 0.4017237  0.40618978
 0.40634282 0.41208313 0.40496106 0.3992311  0.40914126 0.40696837
 0.4003928  0.41485095]
[ 60  68  56  79  61  95  81  88  65  76  82  55  77  86 104  73  63  71
  53  66  64  85  78  96  50  40  83  37  46  59  84  89   7   6  28  15
  29  13  49  10   2   3  25  17  26   8  33  18   9  14  11   5  27  24
  23  30   4   1  19  12  20  16  32  22 117 122 114 115  90 120 112 127
 107 113  92 116 119  97 106 123 109 121  98 125  99 126 103 128 100  74
  94 124  80 118 110 108  43  36  62  21  54  42  72  75  41  87  47  51
  38  57 102 111  35  39  45  44  67  48  58  93  34  31  91  69 101  52
  70 105]
shww_med
[
    {
        'regressor__n_estimators': [200, 300, 400, 500],
        'regressor__learning_rate': [0.05, 0.1],
        'regressor__max_depth': [None, 5],
        'regressor__min_samples_leaf': [10, 20],
        'regressor__subsample': [1.0, 0.8],
        'regressor__max_features': ['sqrt', 'log2']
    }
]
[-0.70561897 -0.71532167 -0.70773865 -0.71522359 -0.707857   -0.71719058
 -0.71073855 -0.71306208 -0.70447221 -0.69971569 -0.70893206 -0.70562425
 -0.71209486 -0.70804511 -0.71178976 -0.70588655 -0.70895658 -0.70222372
 -0.7091078  -0.71748771 -0.71336575 -0.71650485 -0.70935479 -0.71035764
 -0.70266471 -0.70121155 -0.70653346 -0.70199436 -0.7099679  -0.70849557
 -0.71053185 -0.70694757 -0.68914972 -0.68307263 -0.69669534 -0.6948564
 -0.69270683 -0.6926161  -0.69817045 -0.69801261 -0.69002389 -0.68437581
 -0.68947023 -0.68909016 -0.69478383 -0.68952953 -0.69668351 -0.68838543
 -0.69205364 -0.69693859 -0.6919558  -0.69241477 -0.69787597 -0.69430125
 -0.69511967 -0.69862556 -0.68877419 -0.68058965 -0.69089114 -0.68996374
 -0.69261828 -0.6901922  -0.69692125 -0.69219723 -0.71442044 -0.72437018
 -0.71169478 -0.72450199 -0.70966819 -0.72969122 -0.72111083 -0.73883343
 -0.71525847 -0.71380308 -0.7213259  -0.71953864 -0.71445961 -0.72327753
 -0.7172556  -0.71492621 -0.7194116  -0.73354219 -0.71426711 -0.72956974
 -0.7194426  -0.7288405  -0.71206923 -0.72999954 -0.70712585 -0.71644412
 -0.71629604 -0.71943532 -0.71661344 -0.72648408 -0.71420714 -0.71941808
 -0.70223763 -0.70543619 -0.71137814 -0.71018001 -0.70436586 -0.70575369
 -0.71487214 -0.70263993 -0.6988405  -0.69500115 -0.70096479 -0.7087123
 -0.70180376 -0.69489034 -0.70399021 -0.70321227 -0.69565396 -0.70054041
 -0.70958283 -0.71071394 -0.70388866 -0.71241164 -0.70187226 -0.71036879
 -0.70000835 -0.69585025 -0.70175125 -0.70342614 -0.7064032  -0.6993012
 -0.70695647 -0.70559256]
[0.33535757 0.34615434 0.33597897 0.3349693  0.33623355 0.33865343
 0.33956935 0.33297808 0.3319549  0.32509172 0.33456399 0.32514297
 0.3364382  0.33375023 0.33108215 0.33030337 0.33710576 0.33072642
 0.33617524 0.34738544 0.33952059 0.34000858 0.33545303 0.33749426
 0.33570305 0.33468363 0.33307933 0.32786587 0.3319622  0.33185112
 0.342907   0.32853219 0.33637659 0.32676079 0.33019333 0.33782146
 0.32601101 0.33595034 0.33197446 0.33141883 0.3341313  0.3264908
 0.33092114 0.33039661 0.33125217 0.32799466 0.33268674 0.33018622
 0.3317953  0.33846109 0.33306225 0.3314146  0.3343212  0.33340839
 0.32757592 0.33343335 0.33035173 0.32973781 0.32921857 0.32787351
 0.33154023 0.33059994 0.3337322  0.32780768 0.3385183  0.34709016
 0.34081312 0.34380259 0.33888939 0.33675977 0.33822551 0.34905119
 0.34191088 0.33237978 0.34016084 0.32754116 0.33515684 0.33468209
 0.33591512 0.32993581 0.3371119  0.34778618 0.33900305 0.35305701
 0.34907201 0.33647096 0.32879168 0.33970278 0.33085954 0.33894513
 0.33934971 0.33201808 0.3365639  0.33654356 0.33566765 0.33618676
 0.33693966 0.34555612 0.34123134 0.33120537 0.33497947 0.3364976
 0.33581393 0.33731301 0.33895942 0.33646015 0.3314278  0.33397332
 0.32671405 0.3233736  0.33562864 0.33765878 0.33012133 0.33779382
 0.3362242  0.34261064 0.33725006 0.34123656 0.33033745 0.33819781
 0.32893289 0.33396148 0.32729562 0.33618215 0.33177679 0.32554988
 0.33285584 0.33182358]
[ 60 104  69 102  70 109  86  93  57  39  74  61  91  71  89  63  75  48
  76 111  94 107  77  82  51  43  65  47  80  72  84  66   7   2  30  23
  20  18  35  34  11   3   8   6  22   9  29   4  15  32  14  17  33  21
  26  36   5   1  13  10  19  12  31  16  98 120  88 121  79 125 117 128
 103  95 118 116  99 119 110 101 112 127  97 124 115 123  90 126  68 106
 105 114 108 122  96 113  49  58  87  81  56  62 100  50  37  25  42  73
  45  24  55  52  27  41  78  85  54  92  46  83  40  28  44  53  64  38
  67  59]
mdts_sin
[
    {
        'regressor__n_estimators': [200, 300, 400, 500],
        'regressor__learning_rate': [0.05, 0.1],
        'regressor__max_depth': [None, 5],
        'regressor__min_samples_leaf': [10, 20],
        'regressor__subsample': [1.0, 0.8],
        'regressor__max_features': ['sqrt', 'log2']
    }
]
[-0.08739255 -0.08785248 -0.08785743 -0.08808501 -0.08718794 -0.08752548
 -0.08732899 -0.08722452 -0.08812262 -0.08799294 -0.08805825 -0.08831543
 -0.08794589 -0.08824832 -0.08810363 -0.08840015 -0.08721007 -0.08714576
 -0.08651648 -0.08694542 -0.08735037 -0.08735242 -0.08694325 -0.08840278
 -0.08734615 -0.08779995 -0.08785093 -0.08836968 -0.0877954  -0.08889569
 -0.08823218 -0.08916014 -0.0856894  -0.0861198  -0.08580623 -0.08670751
 -0.08693261 -0.08731109 -0.08768789 -0.08614036 -0.08511666 -0.0845759
 -0.08662605 -0.08659894 -0.08618703 -0.08738535 -0.08687759 -0.08690388
 -0.08556134 -0.08542316 -0.08686662 -0.08666973 -0.08653884 -0.08697308
 -0.08659985 -0.08772078 -0.08574256 -0.08543301 -0.0865456  -0.08572685
 -0.08639204 -0.08766531 -0.08654212 -0.08743228 -0.08793556 -0.08946018
 -0.08880449 -0.0886011  -0.08809677 -0.08939581 -0.08784818 -0.08912005
 -0.08986686 -0.08970404 -0.08874247 -0.09048207 -0.08904493 -0.08909634
 -0.0886937  -0.09050791 -0.08868555 -0.0878888  -0.08808818 -0.08878306
 -0.08726951 -0.08831971 -0.08867638 -0.08866373 -0.08886567 -0.08959414
 -0.08839151 -0.08868745 -0.08864656 -0.08946008 -0.08958595 -0.08924705
 -0.08811881 -0.08790126 -0.08818103 -0.08799736 -0.08853383 -0.0885321
 -0.08881341 -0.08914762 -0.08674532 -0.0875759  -0.08765081 -0.08844453
 -0.08738938 -0.0886704  -0.08830767 -0.08929961 -0.08809123 -0.08821461
 -0.08812715 -0.08951232 -0.08829355 -0.08909208 -0.08905639 -0.08974892
 -0.08692946 -0.08778669 -0.08813619 -0.08752678 -0.08809278 -0.09006855
 -0.08893312 -0.08907491]
[0.04478621 0.04559671 0.04435533 0.04482293 0.04475593 0.0441594
 0.04529308 0.04472637 0.04426896 0.04368426 0.0446522  0.04457872
 0.04505593 0.04442228 0.04529258 0.04467741 0.04538109 0.04520608
 0.04522968 0.04433251 0.04453957 0.04472937 0.04536357 0.04514574
 0.04461074 0.04439255 0.04499288 0.04577526 0.04499638 0.04452452
 0.04506232 0.04626519 0.04797998 0.04853258 0.0466787  0.04683433
 0.04648943 0.04609185 0.04814963 0.04561433 0.04731021 0.04654505
 0.04724105 0.04727436 0.04672491 0.04696538 0.04635353 0.04595208
 0.04671679 0.04702389 0.04775421 0.04774319 0.04724676 0.04803869
 0.04557747 0.0466809  0.04732593 0.04722375 0.04780645 0.04618736
 0.04689654 0.04721282 0.0468023  0.04672006 0.04430572 0.04389491
 0.0443628  0.04453095 0.04460697 0.04439807 0.04417191 0.04461581
 0.04521931 0.04413544 0.0440886  0.0433652  0.04487906 0.04529886
 0.04462855 0.04570136 0.04625737 0.04460614 0.04502389 0.04530311
 0.04516241 0.04496832 0.04514049 0.04421935 0.04430589 0.04548754
 0.04475302 0.04336338 0.0450114  0.04431267 0.04556178 0.04389277
 0.04680603 0.04785082 0.04650714 0.04687192 0.04688109 0.04725549
 0.04648573 0.04604684 0.04675413 0.04682767 0.04737074 0.0475294
 0.04634514 0.0453317  0.04590527 0.04480648 0.04701623 0.0463765
 0.04859435 0.04769353 0.04696535 0.04798473 0.04729981 0.04594599
 0.0475963  0.04693244 0.04688115 0.04572892 0.04533608 0.04526027
 0.04664644 0.04661888]
[ 44  58  59  67  33  46  38  35  74  64  66  83  63  80  72  87  34  32
  14  30  40  41  29  88  39  55  57  85  54 105  79 114   6  10   9  22
  28  37  51  11   2   1  20  18  12  42  25  26   5   3  24  21  15  31
  19  52   8   4  17   7  13  50  16  45  62 119 102  92  71 117  56 112
 125 123 100 127 107 111  99 128  97  60  68 101  36  84  96  94 104 122
  86  98  93 118 121 115  73  61  77  65  91  90 103 113  23  48  49  89
  43  95  82 116  69  78  75 120  81 110 108 124  27  53  76  47  70 126
 106 109]
mdts_cos
[
    {
        'regressor__n_estimators': [200, 300, 400, 500],
        'regressor__learning_rate': [0.05, 0.1],
        'regressor__max_depth': [None, 5],
        'regressor__min_samples_leaf': [10, 20],
        'regressor__subsample': [1.0, 0.8],
        'regressor__max_features': ['sqrt', 'log2']
    }
]
[-0.10360123 -0.10383056 -0.10399971 -0.10389116 -0.10383498 -0.10432993
 -0.1046167  -0.10321336 -0.10407189 -0.10331587 -0.10466914 -0.10437826
 -0.10419964 -0.10423679 -0.10413913 -0.1058707  -0.10236115 -0.10345868
 -0.1022703  -0.1036854  -0.10307552 -0.10476503 -0.10187438 -0.10202232
 -0.1036663  -0.10377015 -0.1031238  -0.10459191 -0.10349995 -0.10432843
 -0.10301313 -0.10346858 -0.1000392  -0.10034384 -0.10108393 -0.10156494
 -0.1015889  -0.10249151 -0.10159588 -0.10298608 -0.09901545 -0.09927108
 -0.10018214 -0.09926011 -0.10171089 -0.10100364 -0.10168015 -0.10222826
 -0.09949154 -0.09975936 -0.10104451 -0.10114646 -0.09979517 -0.10196015
 -0.10176073 -0.10135795 -0.09905955 -0.0993258  -0.10107988 -0.10035599
 -0.10067746 -0.10245634 -0.10111553 -0.10200778 -0.10375078 -0.10576298
 -0.1040172  -0.1052741  -0.10384783 -0.10711292 -0.10554742 -0.10624176
 -0.10512764 -0.10523903 -0.10419863 -0.10506493 -0.10581731 -0.10497548
 -0.10770824 -0.10501477 -0.10375431 -0.10435764 -0.10538507 -0.10334449
 -0.10276237 -0.10370237 -0.10519031 -0.10598188 -0.106617   -0.10415369
 -0.10438932 -0.10590764 -0.1051673  -0.10450695 -0.10540666 -0.1068941
 -0.10061263 -0.10078511 -0.10531052 -0.10660781 -0.10394109 -0.10332806
 -0.10345727 -0.10669322 -0.10186833 -0.10276084 -0.10218451 -0.1029048
 -0.1040169  -0.10431381 -0.10438165 -0.10364864 -0.10098781 -0.10462466
 -0.10283318 -0.10361895 -0.10525287 -0.10508453 -0.1049845  -0.1061237
 -0.10043308 -0.10213642 -0.10221892 -0.10381199 -0.1037986  -0.10349014
 -0.10288128 -0.10481871]
[0.04409372 0.04359494 0.04474182 0.04375159 0.04434317 0.04329094
 0.04530295 0.043104   0.04343116 0.04241695 0.0440705  0.04312336
 0.04377146 0.04383636 0.04443488 0.04382427 0.0440356  0.04524552
 0.04479516 0.04434506 0.04406941 0.04512387 0.04301656 0.04393628
 0.04405688 0.0439159  0.04312205 0.043848   0.04338582 0.04326849
 0.04348123 0.04366431 0.04587309 0.04545277 0.04563194 0.04614806
 0.04546003 0.04622708 0.04403286 0.04536035 0.04510757 0.04446344
 0.04476061 0.04396556 0.04530787 0.04417111 0.04409178 0.04459945
 0.04603587 0.04566196 0.04611183 0.045736   0.04359438 0.04602366
 0.04569155 0.04507901 0.04495355 0.04501431 0.04549942 0.04503096
 0.0441706  0.04534168 0.04486587 0.04430236 0.04335994 0.04437422
 0.04352912 0.04331097 0.04349738 0.0450773  0.04533669 0.0451418
 0.04336752 0.04343802 0.0428634  0.04293034 0.04347949 0.041009
 0.04524094 0.04281372 0.04493336 0.04202153 0.04667901 0.042537
 0.04428181 0.04449402 0.04515631 0.04508972 0.04632667 0.04345467
 0.04467048 0.04415785 0.04499598 0.04339088 0.04315805 0.04428944
 0.04447768 0.04347267 0.04728249 0.04887793 0.04592333 0.04359042
 0.04370717 0.04723198 0.04475056 0.04510989 0.04381807 0.04324622
 0.04540144 0.04414252 0.04427314 0.04323131 0.04326392 0.04824727
 0.0446251  0.04415778 0.04724488 0.04517536 0.04655197 0.04738503
 0.04335061 0.04407709 0.0443165  0.04411737 0.04380832 0.04328126
 0.04340056 0.04444335]
[ 62  73  78  76  74  89  96  53  81  54  98  91  85  86  82 118  41  58
  40  66  51  99  32  35  65  70  52  95  61  88  50  59   9  11  21  25
  26  43  27  49   1   4  10   3  29  18  28  39   6   7  19  23   8  33
  30  24   2   5  20  12  15  42  22  34  68 116  80 111  75 127 115 122
 106 109  84 104 117 101 128 103  69  90 113  56  45  67 108 120 124  83
  93 119 107  94 114 126  14  16 112 123  77  55  57 125  31  44  37  48
  79  87  92  64  17  97  46  63 110 105 102 121  13  36  38  72  71  60
  47 100]
shts_max
[
    {
        'regressor__n_estimators': [200, 300, 400, 500],
        'regressor__learning_rate': [0.05, 0.1],
        'regressor__max_depth': [None, 5],
        'regressor__min_samples_leaf': [10, 20],
        'regressor__subsample': [1.0, 0.8],
        'regressor__max_features': ['sqrt', 'log2']
    }
]
[-0.55923354 -0.55854315 -0.55785097 -0.56302762 -0.5591646  -0.55883259
 -0.55938246 -0.55889763 -0.55861914 -0.56216769 -0.56212307 -0.56232199
 -0.56485148 -0.56283421 -0.56019835 -0.56608628 -0.55857659 -0.55938193
 -0.5588988  -0.56480087 -0.56289857 -0.56808714 -0.55710332 -0.56298672
 -0.55914377 -0.55945403 -0.56025154 -0.5628002  -0.5659206  -0.56583624
 -0.5626703  -0.56254332 -0.54361497 -0.54386028 -0.54675475 -0.54833643
 -0.55147232 -0.55477793 -0.55321091 -0.55142761 -0.54084524 -0.54240717
 -0.54616092 -0.544528   -0.55022053 -0.54877249 -0.55026575 -0.54982881
 -0.54821155 -0.54570146 -0.54810628 -0.55131695 -0.54991349 -0.54925901
 -0.55492163 -0.55495391 -0.54379236 -0.54488231 -0.54862659 -0.54926678
 -0.54919651 -0.55306469 -0.55187501 -0.55036151 -0.56433688 -0.57363614
 -0.56198111 -0.57311865 -0.56654354 -0.57722288 -0.5643814  -0.57677079
 -0.56986533 -0.56645503 -0.56821574 -0.5692699  -0.56874368 -0.57393661
 -0.56948568 -0.57377812 -0.56443322 -0.57308678 -0.56579692 -0.56665629
 -0.57087986 -0.57783413 -0.5673067  -0.57738669 -0.57029081 -0.57146379
 -0.56457894 -0.57423124 -0.56966528 -0.57212864 -0.57296461 -0.57921875
 -0.55333749 -0.55641636 -0.55665711 -0.56427126 -0.55879593 -0.56150485
 -0.55821399 -0.57263858 -0.55276089 -0.55351644 -0.55617722 -0.56008308
 -0.55311522 -0.56588047 -0.56274098 -0.56361842 -0.55526532 -0.56095067
 -0.55939729 -0.56631293 -0.56271551 -0.5657818  -0.56802848 -0.56553496
 -0.55415621 -0.55726359 -0.55371594 -0.56052499 -0.56183313 -0.56182715
 -0.56094226 -0.56143183]
[0.15213134 0.14885656 0.14895946 0.15431624 0.14974227 0.14891458
 0.1509407  0.15255292 0.1489738  0.15625392 0.15156684 0.15476149
 0.15417701 0.15351684 0.15167667 0.15502805 0.15252625 0.15191705
 0.15271204 0.16055938 0.15733824 0.15506841 0.15473724 0.15623241
 0.15335129 0.15760026 0.15271735 0.15416691 0.15586509 0.15523067
 0.15663834 0.15380428 0.15461197 0.1553695  0.1521981  0.15577133
 0.155738   0.16050137 0.15474057 0.1549173  0.15054794 0.15485102
 0.15338228 0.15371952 0.15471375 0.15307433 0.15001641 0.15154525
 0.15820973 0.15514655 0.15768239 0.15967726 0.15552746 0.15422497
 0.15507891 0.15716773 0.15441047 0.15739184 0.15643621 0.15459061
 0.15208563 0.15615843 0.15386877 0.1534696  0.15344034 0.15506671
 0.15062852 0.15776664 0.15111118 0.16364115 0.15341118 0.16119999
 0.15979921 0.15195478 0.15568617 0.15341934 0.15650769 0.15774374
 0.15700898 0.15649971 0.15484302 0.15751012 0.156622   0.1577237
 0.15795329 0.15639618 0.16283219 0.15860061 0.15667962 0.1523269
 0.15626102 0.15425319 0.15749054 0.15602862 0.160728   0.16226673
 0.15463763 0.15744043 0.15515104 0.16029854 0.15475237 0.1568821
 0.14995843 0.15960871 0.15488659 0.15566937 0.15308746 0.15427562
 0.15194844 0.1586283  0.15050178 0.15473538 0.15765863 0.16359057
 0.15565775 0.16095394 0.15374168 0.15957845 0.15392241 0.15699882
 0.15566493 0.1612483  0.15410602 0.15429643 0.15265773 0.15858405
 0.15040827 0.15093292]
[ 56  47  45  83  55  51  58  52  49  73  72  74  91  80  62  98  48  57
  53  90  81 105  43  82  54  60  63  79  97  95  76  75   3   5  10  13
  26  36  31  25   1   2   9   6  21  15  22  19  12   8  11  24  20  17
  37  38   4   7  14  18  16  29  27  23  86 120  71 119 101 125  87 124
 111 100 106 108 107 122 109 121  88 118  94 102 113 127 103 126 112 114
  89 123 110 115 117 128  32  41  42  85  50  68  46 116  28  33  40  61
  30  96  78  84  39  66  59  99  77  93 104  92  35  44  34  64  70  69
  65  67]
