slurmstepd: info: Setting TMPDIR to /scratch/13086305. Previous errors about TMPDIR can be discarded
dwi_sin
[
    {
        'regressor__n_estimators': [100],
        'regressor__learning_rate': [0.05, 0.1],
        'regressor__max_depth': [None, 5],
        'regressor__min_samples_leaf': [10, 20],
        'regressor__subsample': [1.0, 0.8],
        'regressor__max_features': ['sqrt', 'log2']
    }
]
[-0.47581704 -0.47684249 -0.47459948 -0.476558   -0.4752052  -0.4774421
 -0.47442255 -0.47419532 -0.46554153 -0.46305674 -0.46366814 -0.46443499
 -0.46424195 -0.46418098 -0.46491421 -0.46203606 -0.48008553 -0.48995832
 -0.48093212 -0.48529279 -0.48042595 -0.48710854 -0.48275163 -0.4809336
 -0.47141099 -0.47214298 -0.46823111 -0.4694443  -0.47000855 -0.47330516
 -0.46529658 -0.47043167]
[0.06038162 0.05886937 0.06279385 0.06367971 0.06004542 0.0627308
 0.06316703 0.06242031 0.06387352 0.06359684 0.06338659 0.06372004
 0.06538121 0.06530194 0.06392484 0.06336587 0.06333325 0.06328673
 0.06167174 0.06127327 0.05994764 0.06220581 0.06287457 0.06181041
 0.06591972 0.06775196 0.06584272 0.06853622 0.06635866 0.06513389
 0.06497909 0.06343595]
[21 23 19 22 20 24 18 17  9  2  3  6  5  4  7  1 25 32 27 30 26 31 29 28
 14 15 10 11 12 16  8 13]
dwi_cos
[
    {
        'regressor__n_estimators': [100],
        'regressor__learning_rate': [0.05, 0.1],
        'regressor__max_depth': [None, 5],
        'regressor__min_samples_leaf': [10, 20],
        'regressor__subsample': [1.0, 0.8],
        'regressor__max_features': ['sqrt', 'log2']
    }
]
[-0.40905744 -0.41151136 -0.41003528 -0.41193343 -0.41024474 -0.41232967
 -0.41204558 -0.41319708 -0.40561539 -0.40414626 -0.40501783 -0.40606603
 -0.40669706 -0.40698703 -0.40616138 -0.40563333 -0.41700011 -0.41930534
 -0.41763953 -0.42047778 -0.41738327 -0.41898917 -0.41991356 -0.42270102
 -0.41077753 -0.40983862 -0.41003674 -0.40897263 -0.40944453 -0.41104706
 -0.41054668 -0.40837835]
[0.03629343 0.03611439 0.0363732  0.03663788 0.03710428 0.03751897
 0.03603547 0.03733267 0.03707304 0.03639419 0.03745705 0.0383107
 0.03793657 0.03761821 0.03919748 0.03826102 0.03685783 0.0363475
 0.03618731 0.03569124 0.03415268 0.0369485  0.03580807 0.03634209
 0.03663269 0.03642637 0.03786661 0.03731507 0.0389093  0.0392435
 0.03821216 0.03925332]
[11 20 14 21 16 23 22 24  3  1  2  5  7  8  6  4 25 29 27 31 26 28 30 32
 18 13 15 10 12 19 17  9]
wind_max
[
    {
        'regressor__n_estimators': [100],
        'regressor__learning_rate': [0.05, 0.1],
        'regressor__max_depth': [None, 5],
        'regressor__min_samples_leaf': [10, 20],
        'regressor__subsample': [1.0, 0.8],
        'regressor__max_features': ['sqrt', 'log2']
    }
]
[-2.37088445 -2.3804423  -2.35766389 -2.34425054 -2.37756401 -2.359137
 -2.34579295 -2.33127271 -2.31119304 -2.31819713 -2.31970134 -2.30275208
 -2.29892165 -2.30269202 -2.29677088 -2.30575341 -2.34759042 -2.4180785
 -2.36977779 -2.37393663 -2.38073643 -2.38142819 -2.38051003 -2.36841172
 -2.33246783 -2.33766531 -2.3170063  -2.31581805 -2.35142709 -2.30568594
 -2.32785221 -2.3267249 ]
[0.34866416 0.34588673 0.36292536 0.36903281 0.33682561 0.34254986
 0.36288878 0.35522879 0.36205531 0.37523804 0.36894875 0.37511398
 0.36222512 0.37951561 0.37647675 0.37730869 0.34636096 0.3475189
 0.36639571 0.35561119 0.33176592 0.35710975 0.35726003 0.3618201
 0.35122409 0.3743666  0.36707262 0.38793457 0.3556421  0.38221249
 0.37166296 0.36585402]
[25 28 21 17 27 22 18 14  7 10 11  4  2  3  1  6 19 32 24 26 30 31 29 23
 15 16  9  8 20  5 13 12]
wind_med
[
    {
        'regressor__n_estimators': [100],
        'regressor__learning_rate': [0.05, 0.1],
        'regressor__max_depth': [None, 5],
        'regressor__min_samples_leaf': [10, 20],
        'regressor__subsample': [1.0, 0.8],
        'regressor__max_features': ['sqrt', 'log2']
    }
]
[-2.06420038 -2.05900547 -2.03849988 -2.04402423 -2.05256828 -2.04655826
 -2.03259402 -2.03529435 -2.01333468 -2.01812793 -2.01316165 -2.00533221
 -2.01595503 -2.01491622 -2.00256953 -2.01166443 -2.0802716  -2.08856555
 -2.06765652 -2.070086   -2.0675049  -2.09380589 -2.07574243 -2.06445862
 -2.0195909  -2.04111758 -2.02730854 -2.03354977 -2.01896264 -2.02822064
 -2.02544794 -2.004373  ]
[0.38228591 0.39665834 0.3991612  0.40207234 0.39233274 0.39883254
 0.40669731 0.39730851 0.40372403 0.38910321 0.40518216 0.41227324
 0.40487806 0.40416206 0.41588133 0.41755285 0.38289356 0.39521055
 0.39223332 0.40279359 0.39427699 0.39790277 0.40360104 0.40101363
 0.40110819 0.40439124 0.41573613 0.40213776 0.40291212 0.40713937
 0.40984073 0.40409552]
[24 23 18 20 22 21 15 17  6  9  5  3  8  7  1  4 30 31 27 28 26 32 29 25
 11 19 13 16 10 14 12  2]
shww_max
[
    {
        'regressor__n_estimators': [100],
        'regressor__learning_rate': [0.05, 0.1],
        'regressor__max_depth': [None, 5],
        'regressor__min_samples_leaf': [10, 20],
        'regressor__subsample': [1.0, 0.8],
        'regressor__max_features': ['sqrt', 'log2']
    }
]
[-0.93163023 -0.92957264 -0.91740422 -0.91049374 -0.92497989 -0.91735339
 -0.91449051 -0.91059951 -0.90248376 -0.90183167 -0.8975959  -0.89850411
 -0.9015524  -0.90229759 -0.89698123 -0.89605705 -0.94413567 -0.9449393
 -0.93417746 -0.94102998 -0.93266001 -0.93370918 -0.92291572 -0.92903418
 -0.91010751 -0.91323346 -0.9173114  -0.92484913 -0.91627884 -0.91393435
 -0.90809731 -0.91290541]
[0.39264024 0.39272107 0.39365498 0.39248372 0.39986384 0.39638495
 0.39680812 0.39082108 0.39180146 0.39460947 0.39491014 0.3892821
 0.39278885 0.39392486 0.39153753 0.39318257 0.3928551  0.41351298
 0.40155725 0.39852279 0.40048228 0.39808759 0.39766288 0.39505698
 0.39740151 0.40177565 0.39992488 0.41293041 0.39735571 0.39636906
 0.39573565 0.40235496]
[26 25 20 11 23 19 16 12  8  6  3  4  5  7  2  1 31 32 29 30 27 28 21 24
 10 14 18 22 17 15  9 13]
shww_med
[
    {
        'regressor__n_estimators': [100],
        'regressor__learning_rate': [0.05, 0.1],
        'regressor__max_depth': [None, 5],
        'regressor__min_samples_leaf': [10, 20],
        'regressor__subsample': [1.0, 0.8],
        'regressor__max_features': ['sqrt', 'log2']
    }
]
[-0.70148109 -0.70524917 -0.6957321  -0.68943391 -0.70533324 -0.69996352
 -0.69388302 -0.69419166 -0.68067742 -0.68244562 -0.68226972 -0.6823551
 -0.68650567 -0.68374472 -0.68106084 -0.67646193 -0.71133182 -0.72014342
 -0.7073504  -0.70684566 -0.71785188 -0.71938761 -0.70150728 -0.70478137
 -0.69284249 -0.69759456 -0.68936713 -0.68572774 -0.69653831 -0.69452735
 -0.69694879 -0.6889237 ]
[0.33362393 0.33163043 0.32241387 0.32177641 0.33132536 0.33430162
 0.32873576 0.32585335 0.32271566 0.33070762 0.32710938 0.32063856
 0.33016602 0.33118304 0.32489372 0.3241187  0.33710099 0.3392119
 0.32939948 0.32996436 0.33775137 0.34163662 0.32696423 0.32944284
 0.33735637 0.34294547 0.32848208 0.32591152 0.3337098  0.33599793
 0.3381794  0.32781852]
[22 25 17 12 26 21 14 15  2  6  4  5  9  7  3  1 29 32 28 27 30 31 23 24
 13 20 11  8 18 16 19 10]
mdts_sin
[
    {
        'regressor__n_estimators': [100],
        'regressor__learning_rate': [0.05, 0.1],
        'regressor__max_depth': [None, 5],
        'regressor__min_samples_leaf': [10, 20],
        'regressor__subsample': [1.0, 0.8],
        'regressor__max_features': ['sqrt', 'log2']
    }
]
[-0.08659792 -0.08645526 -0.08689224 -0.08710971 -0.08646594 -0.08602696
 -0.0871591  -0.08726098 -0.08457252 -0.0847225  -0.0847774  -0.08522912
 -0.08449919 -0.08480144 -0.08523041 -0.08428069 -0.08788644 -0.08845475
 -0.08759807 -0.08918987 -0.08802234 -0.08727815 -0.08921363 -0.08877508
 -0.08665278 -0.08656184 -0.08629647 -0.08579934 -0.08635918 -0.08591255
 -0.08624612 -0.08629451]
[0.04536446 0.04458448 0.04495402 0.04508401 0.04505044 0.04563468
 0.04593227 0.04520173 0.04679683 0.04758005 0.04783271 0.04890598
 0.04700236 0.04726204 0.04878141 0.04688217 0.0439376  0.04402958
 0.0444644  0.04414414 0.04514766 0.04465407 0.04590207 0.04450952
 0.04833682 0.04605001 0.04722329 0.04741058 0.04683481 0.04718111
 0.04762305 0.04710309]
[19 16 21 22 17 11 23 24  3  4  5  7  2  6  8  1 27 29 26 31 28 25 32 30
 20 18 14  9 15 10 12 13]
mdts_cos
[
    {
        'regressor__n_estimators': [100],
        'regressor__learning_rate': [0.05, 0.1],
        'regressor__max_depth': [None, 5],
        'regressor__min_samples_leaf': [10, 20],
        'regressor__subsample': [1.0, 0.8],
        'regressor__max_features': ['sqrt', 'log2']
    }
]
[-0.10387018 -0.10347754 -0.10385998 -0.10153949 -0.10320182 -0.10270678
 -0.10193317 -0.10148832 -0.09863565 -0.09951921 -0.09823599 -0.09859978
 -0.09822043 -0.09766909 -0.09869736 -0.09713695 -0.10362256 -0.1048603
 -0.10410821 -0.10551518 -0.10400631 -0.10280513 -0.10422135 -0.10451126
 -0.10019178 -0.1018005  -0.09929597 -0.09868292 -0.10147249 -0.09921539
 -0.09868675 -0.09930593]
[0.04622162 0.04569523 0.0443811  0.04346091 0.04438362 0.04501129
 0.04387506 0.04278314 0.04629822 0.04634949 0.04594382 0.04575972
 0.04594486 0.04491324 0.04597798 0.04489386 0.04476022 0.044393
 0.04393591 0.04317624 0.04456559 0.04259989 0.04363476 0.04298931
 0.04565707 0.04567405 0.04471565 0.04329906 0.046414   0.04370549
 0.04378184 0.04464552]
[26 23 25 17 22 20 19 16  6 13  4  5  3  2  9  1 24 31 28 32 27 21 29 30
 14 18 11  7 15 10  8 12]
shts_max
[
    {
        'regressor__n_estimators': [100],
        'regressor__learning_rate': [0.05, 0.1],
        'regressor__max_depth': [None, 5],
        'regressor__min_samples_leaf': [10, 20],
        'regressor__subsample': [1.0, 0.8],
        'regressor__max_features': ['sqrt', 'log2']
    }
]
[-0.5546039  -0.55496674 -0.55497978 -0.55563874 -0.55488443 -0.55771134
 -0.55483486 -0.55844615 -0.53818872 -0.54031478 -0.53851556 -0.5391445
 -0.54344596 -0.54022504 -0.54054991 -0.54136563 -0.56339302 -0.56278102
 -0.56364346 -0.56913004 -0.56804661 -0.5664524  -0.56905608 -0.56030516
 -0.54377679 -0.54983662 -0.54315819 -0.54553641 -0.55076003 -0.54864007
 -0.54611989 -0.54597603]
[0.14720441 0.14994937 0.15027379 0.14792644 0.15274591 0.15656119
 0.15126135 0.15007033 0.15412218 0.15230631 0.1545705  0.15441699
 0.15872583 0.15660946 0.15420792 0.15374839 0.15152004 0.1583434
 0.15393573 0.15456974 0.15455392 0.15724964 0.1524129  0.15417883
 0.15740406 0.15517351 0.15554598 0.1583924  0.15896904 0.15479588
 0.1541634  0.15677895]
[17 20 21 22 19 23 18 24  1  5  2  3  9  4  6  7 27 26 28 32 30 29 31 25
 10 15  8 11 16 14 13 12]
shts_med
[
    {
        'regressor__n_estimators': [100],
        'regressor__learning_rate': [0.05, 0.1],
        'regressor__max_depth': [None, 5],
        'regressor__min_samples_leaf': [10, 20],
        'regressor__subsample': [1.0, 0.8],
        'regressor__max_features': ['sqrt', 'log2']
    }
]
[-0.49249721 -0.49228376 -0.49079831 -0.49310743 -0.49192541 -0.4922893
 -0.49229249 -0.49193017 -0.48033158 -0.48257772 -0.48121911 -0.48035368
 -0.48305102 -0.48267053 -0.47961404 -0.4812779  -0.50111543 -0.50031568
 -0.500725   -0.49944077 -0.49919348 -0.5013111  -0.49531778 -0.50329594
 -0.48735164 -0.48810426 -0.48484789 -0.48724072 -0.49023562 -0.49263228
 -0.48366986 -0.48766932]
[0.11198069 0.11223265 0.1136441  0.10988065 0.11258393 0.11097011
 0.11249589 0.11481529 0.11890019 0.11817124 0.11783108 0.11522283
 0.12048578 0.11745416 0.11424576 0.11726861 0.11772592 0.11425
 0.11670912 0.11376686 0.11753555 0.11614909 0.10922581 0.11287012
 0.12212407 0.11913427 0.11515188 0.12154273 0.12207378 0.12013742
 0.11550788 0.11680146]
[22 19 16 24 17 20 21 18  2  6  4  3  8  7  1  5 30 28 29 27 26 31 25 32
 12 14 10 11 15 23  9 13]

*****************************************************************************
*                                                                           *
*                    JOB EFFICIENCY REPORT (seff 13086305)                   *
*                                                                           *
*****************************************************************************

Job ID: 13086305
Cluster: finisterrae3
User/Group: curso342/ulc
State: COMPLETED (exit code 0)
Nodes: 1
Cores per node: 32
CPU Utilized: 08:49:59
CPU Efficiency: 92.44% of 09:33:20 core-walltime
Job Wall-clock time: 00:17:55
Memory Utilized: 4.90 GB
Memory Efficiency: 30.64% of 16.00 GB

 +++++++++++++++++++++++++++++++++++++++++++++++++++++++++++++++++++++++++++
 ++   Memory Efficiency is too small. Please review the requested memory. ++
 ++ It seems that you do not need that much memory so we recommend        ++
 ++ requesting less memory in other similar jobs.                         ++
 +++++++++++++++++++++++++++++++++++++++++++++++++++++++++++++++++++++++++++
 
*****************************************************************************

