slurmstepd: info: Setting TMPDIR to /scratch/13113334. Previous errors about TMPDIR can be discarded
dwi_sin
[
    {
        'regressor__n_estimators': [500],
        'regressor__learning_rate': [0.05, 0.1],
        'regressor__max_depth': [None, 5],
        'regressor__min_samples_leaf': [10, 20],
        'regressor__subsample': [1.0, 0.8],
        'regressor__max_features': ['sqrt', 'log2']
    }
]
[-0.47706355 -0.47689098 -0.47754484 -0.48266994 -0.47737655 -0.47873708
 -0.4790501  -0.48314777 -0.47418727 -0.47565302 -0.47468032 -0.47724996
 -0.47126564 -0.47693781 -0.47333221 -0.47390877 -0.48214435 -0.4878215
 -0.48129501 -0.49245919 -0.48182442 -0.49412187 -0.48306999 -0.49213767
 -0.48455492 -0.48417496 -0.48272659 -0.48832334 -0.48196921 -0.48632801
 -0.48145353 -0.48686981]
[0.05969483 0.06178502 0.06300798 0.06084082 0.05951681 0.06470925
 0.06214869 0.06411034 0.06650716 0.06833309 0.06781047 0.06754499
 0.06717517 0.0679884  0.06794579 0.0672271  0.05891344 0.06219198
 0.06265314 0.05638035 0.05774254 0.06008081 0.06013872 0.06056782
 0.06580085 0.06726629 0.06595245 0.06482222 0.06838477 0.06579756
 0.06698326 0.06652899]
[ 9  7 12 20 11 13 14 23  4  6  5 10  1  8  2  3 19 28 15 31 17 32 22 30
 25 24 21 29 18 26 16 27]
dwi_cos
[
    {
        'regressor__n_estimators': [500],
        'regressor__learning_rate': [0.05, 0.1],
        'regressor__max_depth': [None, 5],
        'regressor__min_samples_leaf': [10, 20],
        'regressor__subsample': [1.0, 0.8],
        'regressor__max_features': ['sqrt', 'log2']
    }
]
[-0.41384591 -0.41245286 -0.41448522 -0.41613454 -0.41408352 -0.41518279
 -0.41510797 -0.4159818  -0.4115446  -0.41224624 -0.41059525 -0.41172449
 -0.41173234 -0.41232375 -0.41161455 -0.41316071 -0.41762316 -0.42527004
 -0.41672178 -0.42118012 -0.41542954 -0.4238806  -0.41598852 -0.42678555
 -0.41818383 -0.42118945 -0.41730331 -0.42116037 -0.41933455 -0.42001763
 -0.42041965 -0.42102386]
[0.03751627 0.0365535  0.03746478 0.0375699  0.03811015 0.03486506
 0.03561462 0.03833677 0.03505904 0.03695493 0.03948666 0.03757666
 0.03776093 0.03670862 0.03738591 0.03703031 0.03667205 0.03614535
 0.03748668 0.03515383 0.03462167 0.03486435 0.0360726  0.03815307
 0.03498425 0.0344986  0.03549606 0.03601473 0.03521534 0.03764272
 0.03781847 0.03680613]
[10  8 12 18 11 14 13 16  2  6  1  4  5  7  3  9 21 31 19 28 15 30 17 32
 22 29 20 27 23 24 25 26]
wind_max
[
    {
        'regressor__n_estimators': [500],
        'regressor__learning_rate': [0.05, 0.1],
        'regressor__max_depth': [None, 5],
        'regressor__min_samples_leaf': [10, 20],
        'regressor__subsample': [1.0, 0.8],
        'regressor__max_features': ['sqrt', 'log2']
    }
]
[-2.37419191 -2.37770876 -2.38364504 -2.3689298  -2.37151356 -2.36207369
 -2.37629046 -2.38148661 -2.3265028  -2.32232105 -2.32391739 -2.30874287
 -2.33375904 -2.32924746 -2.31793181 -2.3047663  -2.42256039 -2.43269934
 -2.39216644 -2.43013168 -2.38998366 -2.42354416 -2.40595009 -2.40651652
 -2.34592902 -2.35093224 -2.35147796 -2.3502889  -2.36616917 -2.36253859
 -2.36489248 -2.37593441]
[0.33309691 0.35368122 0.35049581 0.37717017 0.3476819  0.33974941
 0.3610427  0.35969776 0.34233534 0.3640288  0.35039556 0.36680487
 0.35152826 0.35915814 0.36417228 0.39217504 0.35547119 0.35483685
 0.3769833  0.37947064 0.33454961 0.36267186 0.36089173 0.35029057
 0.3369875  0.35601357 0.36893356 0.36909573 0.34014105 0.3793274
 0.34630193 0.3849722 ]
[19 22 24 17 18 13 21 23  6  4  5  2  8  7  3  1 29 32 26 31 25 30 27 28
  9 11 12 10 16 14 15 20]
wind_med
[
    {
        'regressor__n_estimators': [500],
        'regressor__learning_rate': [0.05, 0.1],
        'regressor__max_depth': [None, 5],
        'regressor__min_samples_leaf': [10, 20],
        'regressor__subsample': [1.0, 0.8],
        'regressor__max_features': ['sqrt', 'log2']
    }
]
[-2.06363004 -2.07379853 -2.05070531 -2.07163227 -2.0604388  -2.07161138
 -2.05392665 -2.06879501 -2.03463045 -2.04511478 -2.03291693 -2.03142476
 -2.02764845 -2.02727643 -2.02680268 -2.02963578 -2.09604149 -2.12459087
 -2.08019078 -2.0900092  -2.09117023 -2.11932081 -2.07148178 -2.09442001
 -2.07028977 -2.06004655 -2.05853342 -2.06690735 -2.07426323 -2.07026134
 -2.05976429 -2.06958163]
[0.37220976 0.39015339 0.39503753 0.4174607  0.37328752 0.39198891
 0.39636472 0.41507049 0.40313378 0.3972324  0.40830445 0.41591305
 0.39717643 0.40949749 0.41001825 0.4123523  0.36718641 0.38281773
 0.4089362  0.39881974 0.40474788 0.40972978 0.41583912 0.41665004
 0.38235952 0.39664788 0.40598082 0.4054569  0.37878573 0.40815138
 0.39184756 0.40953081]
[15 24  9 23 14 22 10 17  7  8  6  5  3  2  1  4 30 32 26 27 28 31 21 29
 20 13 11 16 25 19 12 18]
shww_max
[
    {
        'regressor__n_estimators': [500],
        'regressor__learning_rate': [0.05, 0.1],
        'regressor__max_depth': [None, 5],
        'regressor__min_samples_leaf': [10, 20],
        'regressor__subsample': [1.0, 0.8],
        'regressor__max_features': ['sqrt', 'log2']
    }
]
[-0.93236462 -0.93755664 -0.93189932 -0.93048084 -0.93137684 -0.93475158
 -0.93568707 -0.92591759 -0.92351747 -0.91196438 -0.92541538 -0.91699378
 -0.9180694  -0.91731697 -0.92303585 -0.91519239 -0.94037164 -0.95709236
 -0.94885069 -0.94390805 -0.9346052  -0.94600442 -0.94303717 -0.95041052
 -0.93116875 -0.92516912 -0.93485646 -0.93632662 -0.93337594 -0.93704505
 -0.93991472 -0.93311388]
[0.39485896 0.40239762 0.39898562 0.40131794 0.40983551 0.40727042
 0.40865399 0.39343958 0.39664017 0.38945881 0.40103744 0.40004868
 0.3983957  0.39964098 0.40293503 0.401293   0.40556275 0.39557097
 0.40678926 0.39696564 0.404411   0.40029295 0.40897589 0.41192163
 0.39031135 0.39467676 0.40167819 0.41077689 0.40437801 0.40520141
 0.40177495 0.40705991]
[15 24 14 11 13 19 21 10  7  1  9  3  5  4  6  2 26 32 30 28 18 29 27 31
 12  8 20 22 17 23 25 16]
shww_med
[
    {
        'regressor__n_estimators': [500],
        'regressor__learning_rate': [0.05, 0.1],
        'regressor__max_depth': [None, 5],
        'regressor__min_samples_leaf': [10, 20],
        'regressor__subsample': [1.0, 0.8],
        'regressor__max_features': ['sqrt', 'log2']
    }
]
[-0.70566532 -0.71973608 -0.71338224 -0.70776617 -0.71068182 -0.71048906
 -0.71153056 -0.71004861 -0.6927231  -0.69563666 -0.69634136 -0.69172037
 -0.69503703 -0.69687732 -0.6948943  -0.69502156 -0.71214384 -0.73553044
 -0.71771873 -0.72963546 -0.71455787 -0.72752383 -0.72013331 -0.72742127
 -0.70174437 -0.71412959 -0.70811045 -0.69976617 -0.70287296 -0.70183926
 -0.70770343 -0.70425955]
[0.33530834 0.34257539 0.33693119 0.33138143 0.34374514 0.33973226
 0.33723761 0.33320051 0.32880987 0.33782771 0.3330094  0.32931188
 0.33201936 0.33914798 0.33088061 0.33203977 0.33841036 0.34212652
 0.33640664 0.33817718 0.3419796  0.3433133  0.33986661 0.33599057
 0.32688452 0.34216012 0.33342654 0.32759144 0.33154276 0.33445439
 0.33261794 0.32983461]
[14 27 23 16 20 19 21 18  2  6  7  1  5  8  3  4 22 32 26 31 25 30 28 29
 10 24 17  9 12 11 15 13]
mdts_sin
[
    {
        'regressor__n_estimators': [500],
        'regressor__learning_rate': [0.05, 0.1],
        'regressor__max_depth': [None, 5],
        'regressor__min_samples_leaf': [10, 20],
        'regressor__subsample': [1.0, 0.8],
        'regressor__max_features': ['sqrt', 'log2']
    }
]
[-0.08662713 -0.08825228 -0.08862513 -0.0877789  -0.087197   -0.08784815
 -0.08768361 -0.08853438 -0.08603881 -0.08733298 -0.08769194 -0.0877784
 -0.08747852 -0.08672758 -0.08700723 -0.08701149 -0.08786387 -0.08861526
 -0.08839475 -0.09024809 -0.08732258 -0.08846886 -0.08855735 -0.09009663
 -0.08871153 -0.09067322 -0.0891455  -0.08948364 -0.08880094 -0.08839917
 -0.08961136 -0.08916476]
[0.04493185 0.04424971 0.04474262 0.04449996 0.04515866 0.04529112
 0.04516729 0.04503244 0.04656186 0.04584749 0.04659956 0.04708894
 0.04733496 0.04629455 0.04710867 0.04687653 0.04481155 0.04613222
 0.04364994 0.04468782 0.04531317 0.04643558 0.04345923 0.0450162
 0.04564167 0.04749674 0.04677393 0.04613946 0.04674965 0.0458066
 0.04678001 0.04699551]
[ 2 16 23 13  6 14 10 20  1  8 11 12  9  3  4  5 15 22 17 31  7 19 21 30
 24 32 26 28 25 18 29 27]
mdts_cos
[
    {
        'regressor__n_estimators': [500],
        'regressor__learning_rate': [0.05, 0.1],
        'regressor__max_depth': [None, 5],
        'regressor__min_samples_leaf': [10, 20],
        'regressor__subsample': [1.0, 0.8],
        'regressor__max_features': ['sqrt', 'log2']
    }
]
[-0.1038893  -0.10503817 -0.10479969 -0.10434819 -0.10317631 -0.10345865
 -0.10387175 -0.10530807 -0.10181086 -0.10167059 -0.10153106 -0.10194005
 -0.10235604 -0.10260055 -0.10100187 -0.10192791 -0.10621874 -0.10642995
 -0.10584603 -0.10412548 -0.1028635  -0.1040452  -0.10564619 -0.10575064
 -0.10447525 -0.1051378  -0.10446629 -0.10369265 -0.1039412  -0.10308611
 -0.10291618 -0.10604882]
[0.04432008 0.04516139 0.04348911 0.04222203 0.04477815 0.04466674
 0.04406569 0.04412781 0.04535628 0.04463239 0.04491627 0.04431336
 0.04511227 0.04538676 0.04381328 0.04397856 0.04562255 0.04654254
 0.04509195 0.04158227 0.04402172 0.04299487 0.04360104 0.04279643
 0.04527819 0.04699426 0.04458219 0.04230669 0.04434824 0.04304135
 0.04385396 0.04492923]
[16 24 23 20 12 13 15 26  4  3  2  6  7  8  1  5 31 32 29 19  9 18 27 28
 22 25 21 14 17 11 10 30]
shts_max
[
    {
        'regressor__n_estimators': [500],
        'regressor__learning_rate': [0.05, 0.1],
        'regressor__max_depth': [None, 5],
        'regressor__min_samples_leaf': [10, 20],
        'regressor__subsample': [1.0, 0.8],
        'regressor__max_features': ['sqrt', 'log2']
    }
]
[-0.55732704 -0.5615414  -0.56280908 -0.5649803  -0.55840381 -0.56488581
 -0.56557862 -0.56554273 -0.55135878 -0.55143392 -0.54875791 -0.55301779
 -0.55466048 -0.55059238 -0.5514267  -0.55222507 -0.56230249 -0.57755034
 -0.56487776 -0.57430545 -0.56898834 -0.57888474 -0.571233   -0.57588616
 -0.55600651 -0.57173853 -0.55841278 -0.56541122 -0.56488501 -0.56401371
 -0.5670257  -0.5657117 ]
[0.14996596 0.15519852 0.15401508 0.15532053 0.15502085 0.15786914
 0.15310345 0.15537561 0.15260405 0.15866426 0.15118667 0.15268109
 0.15397827 0.15736598 0.15141909 0.1554555  0.15141643 0.16218246
 0.15532556 0.15490107 0.16103758 0.16375335 0.15810228 0.15946908
 0.15083756 0.15577976 0.15105817 0.15328399 0.15688528 0.15708776
 0.15063261 0.1572429 ]
[10 13 15 20 11 19 23 22  3  5  1  7  8  2  4  6 14 31 17 29 26 32 27 30
  9 28 12 21 18 16 25 24]
shts_med
[
    {
        'regressor__n_estimators': [500],
        'regressor__learning_rate': [0.05, 0.1],
        'regressor__max_depth': [None, 5],
        'regressor__min_samples_leaf': [10, 20],
        'regressor__subsample': [1.0, 0.8],
        'regressor__max_features': ['sqrt', 'log2']
    }
]
[-0.49328254 -0.49480211 -0.49901435 -0.50023039 -0.49708092 -0.50043681
 -0.49977103 -0.50221273 -0.49156053 -0.49012711 -0.48745562 -0.48952973
 -0.49043755 -0.49155576 -0.48969173 -0.48982249 -0.49871852 -0.51678232
 -0.50088085 -0.5102659  -0.50166979 -0.51631553 -0.50298568 -0.51174959
 -0.49778556 -0.50268988 -0.4993852  -0.50148421 -0.49966566 -0.5047087
 -0.49864529 -0.50344701]
[0.11507846 0.11280524 0.11707776 0.11656379 0.11767591 0.11550557
 0.1135318  0.11613788 0.11539024 0.11758398 0.11459703 0.11511772
 0.11463131 0.11702161 0.11494547 0.1155091  0.1144296  0.12495592
 0.11448423 0.1166232  0.12073771 0.12033613 0.11881374 0.12507043
 0.11436805 0.1124839  0.11556994 0.11660539 0.11467119 0.11184864
 0.11486363 0.1154913 ]
[ 9 10 15 19 11 20 18 24  8  5  1  2  6  7  3  4 14 32 21 29 23 31 26 30
 12 25 16 22 17 28 13 27]

*****************************************************************************
*                                                                           *
*                    JOB EFFICIENCY REPORT (seff 13113334)                   *
*                                                                           *
*****************************************************************************

Job ID: 13113334
Cluster: finisterrae3
User/Group: curso342/ulc
State: COMPLETED (exit code 0)
Nodes: 1
Cores per node: 16
CPU Utilized: 2-02:11:34
CPU Efficiency: 96.60% of 2-03:57:36 core-walltime
Job Wall-clock time: 03:14:51
Memory Utilized: 2.96 GB
Memory Efficiency: 9.26% of 32.00 GB

 +++++++++++++++++++++++++++++++++++++++++++++++++++++++++++++++++++++++++++
 ++   Memory Efficiency is too small. Please review the requested memory. ++
 ++ It seems that you do not need that much memory so we recommend        ++
 ++ requesting less memory in other similar jobs.                         ++
 +++++++++++++++++++++++++++++++++++++++++++++++++++++++++++++++++++++++++++
 
*****************************************************************************

