slurmstepd: info: Setting TMPDIR to /scratch/13113336. Previous errors about TMPDIR can be discarded
dwi_sin
[
    {
        'regressor__n_estimators': [400],
        'regressor__learning_rate': [0.05, 0.1],
        'regressor__max_depth': [None, 5],
        'regressor__min_samples_leaf': [10, 20],
        'regressor__subsample': [1.0, 0.8],
        'regressor__max_features': ['sqrt', 'log2']
    }
]
[-0.47776919 -0.48375612 -0.4782046  -0.48133964 -0.47960015 -0.47809194
 -0.4790681  -0.48223242 -0.47210682 -0.4737539  -0.47165224 -0.47401282
 -0.4707279  -0.47485919 -0.4706964  -0.47315022 -0.48224179 -0.48786112
 -0.48491105 -0.49329426 -0.48292685 -0.49476846 -0.48257339 -0.48853282
 -0.48039306 -0.48347535 -0.48033076 -0.48325469 -0.48085997 -0.48465507
 -0.48150236 -0.48322784]
[0.05930907 0.05940522 0.06157247 0.06158895 0.06108123 0.06023085
 0.06203021 0.06326154 0.06555619 0.06859353 0.06589881 0.06715831
 0.06681334 0.06709631 0.06675761 0.0660339  0.06002561 0.06116245
 0.06323116 0.06220181 0.06463201 0.0619957  0.06242019 0.06078493
 0.06425522 0.06653194 0.0656427  0.06511898 0.06780901 0.06849678
 0.06886323 0.06862946]
[ 9 26 11 17 13 10 12 19  4  6  3  7  2  8  1  5 20 29 28 31 22 32 21 30
 15 25 14 24 16 27 18 23]
dwi_cos
[
    {
        'regressor__n_estimators': [400],
        'regressor__learning_rate': [0.05, 0.1],
        'regressor__max_depth': [None, 5],
        'regressor__min_samples_leaf': [10, 20],
        'regressor__subsample': [1.0, 0.8],
        'regressor__max_features': ['sqrt', 'log2']
    }
]
[-0.41349279 -0.41551472 -0.41555513 -0.41524068 -0.41300789 -0.415096
 -0.41458949 -0.41658925 -0.40959047 -0.41035469 -0.40914152 -0.4109485
 -0.41201756 -0.41005794 -0.41147333 -0.41237529 -0.41540133 -0.42009526
 -0.42004371 -0.42204677 -0.41828391 -0.42390964 -0.42010412 -0.42403075
 -0.41888248 -0.42005651 -0.41636444 -0.41774691 -0.4174863  -0.41958695
 -0.41719349 -0.42018237]
[0.03629113 0.03501903 0.03702866 0.03819656 0.03636737 0.03603319
 0.03720709 0.03681691 0.03667771 0.03789184 0.03751465 0.03728834
 0.03576299 0.03713934 0.03734131 0.03699418 0.03660229 0.03888462
 0.0354085  0.03607985 0.03614768 0.03430426 0.03733788 0.03329477
 0.03625768 0.03575623 0.03631832 0.03666046 0.03755937 0.03780118
 0.03415813 0.03476388]
[10 15 16 13  9 12 11 18  2  4  1  5  7  3  6  8 14 27 25 30 22 31 28 32
 23 26 17 21 20 24 19 29]
wind_max
[
    {
        'regressor__n_estimators': [400],
        'regressor__learning_rate': [0.05, 0.1],
        'regressor__max_depth': [None, 5],
        'regressor__min_samples_leaf': [10, 20],
        'regressor__subsample': [1.0, 0.8],
        'regressor__max_features': ['sqrt', 'log2']
    }
]
[-2.39954746 -2.37469776 -2.36997603 -2.35897868 -2.36151397 -2.37100938
 -2.36270071 -2.36251744 -2.32202635 -2.32122869 -2.31248896 -2.30497022
 -2.33391967 -2.31331908 -2.33117455 -2.32177809 -2.40676522 -2.43569027
 -2.38436643 -2.40891494 -2.40062243 -2.439847   -2.38637717 -2.36088263
 -2.35811688 -2.36885283 -2.34125697 -2.334542   -2.35097287 -2.36406045
 -2.32581842 -2.34342973]
[0.34573099 0.35641668 0.35959138 0.37626344 0.34241487 0.35608952
 0.36912737 0.35894793 0.35823471 0.36544052 0.37009596 0.37851192
 0.35705976 0.37578697 0.35867577 0.38313184 0.34675238 0.34115528
 0.36654321 0.37699005 0.35337447 0.33942705 0.38237491 0.36150939
 0.34327256 0.35800269 0.34602036 0.38273439 0.3596231  0.37916911
 0.38167169 0.36655784]
[27 24 22 15 17 23 19 18  6  4  2  1  9  3  8  5 29 31 25 30 28 32 26 16
 14 21 11 10 13 20  7 12]
wind_med
[
    {
        'regressor__n_estimators': [400],
        'regressor__learning_rate': [0.05, 0.1],
        'regressor__max_depth': [None, 5],
        'regressor__min_samples_leaf': [10, 20],
        'regressor__subsample': [1.0, 0.8],
        'regressor__max_features': ['sqrt', 'log2']
    }
]
[-2.06654422 -2.06845566 -2.04777387 -2.06180624 -2.06800318 -2.06380394
 -2.06273937 -2.0595093  -2.01613874 -2.0288195  -2.01900692 -2.01723831
 -2.0282654  -2.03652945 -2.01895134 -2.03320218 -2.07828153 -2.11555791
 -2.07480553 -2.08584596 -2.11045055 -2.13290825 -2.06685915 -2.09569884
 -2.059222   -2.05515157 -2.05859338 -2.06837217 -2.06987416 -2.07673957
 -2.05078361 -2.05753175]
[0.37342814 0.38539095 0.4019504  0.41151848 0.36889157 0.40279572
 0.39967981 0.41571657 0.40755608 0.39726484 0.3966586  0.41074781
 0.40014696 0.40321916 0.39831961 0.41961056 0.37383322 0.4027757
 0.40291471 0.41563777 0.36222028 0.42757267 0.40836256 0.41359439
 0.4031159  0.39944751 0.41357967 0.41916071 0.38187844 0.39940566
 0.40916282 0.40366781]
[19 23  9 16 21 18 17 15  1  6  4  2  5  8  3  7 27 31 25 28 30 32 20 29
 14 11 13 22 24 26 10 12]
shww_max
[
    {
        'regressor__n_estimators': [400],
        'regressor__learning_rate': [0.05, 0.1],
        'regressor__max_depth': [None, 5],
        'regressor__min_samples_leaf': [10, 20],
        'regressor__subsample': [1.0, 0.8],
        'regressor__max_features': ['sqrt', 'log2']
    }
]
[-0.93859138 -0.93771888 -0.9373034  -0.93216281 -0.92757954 -0.93479104
 -0.93135898 -0.93101011 -0.9176215  -0.91087735 -0.90949246 -0.92077432
 -0.91521551 -0.90587124 -0.91415673 -0.91282822 -0.9379705  -0.94774862
 -0.94502097 -0.95138123 -0.94646946 -0.94997029 -0.93061182 -0.94311668
 -0.92618249 -0.93764842 -0.92460099 -0.93141887 -0.92514032 -0.93089873
 -0.93558354 -0.92769893]
[0.3961245  0.39717187 0.40030014 0.39937744 0.3974898  0.40167697
 0.41240867 0.40019695 0.3970432  0.3935376  0.39270459 0.40608429
 0.39714324 0.39045039 0.40524689 0.39839398 0.3999209  0.4045581
 0.39436728 0.4049298  0.40903381 0.41295483 0.39940612 0.39515381
 0.39828983 0.4061089  0.40520899 0.40174061 0.39012049 0.41609287
 0.3965039  0.4036593 ]
[26 24 22 19 12 20 17 16  7  3  2  8  6  1  5  4 25 30 28 32 29 31 14 27
 11 23  9 18 10 15 21 13]
shww_med
[
    {
        'regressor__n_estimators': [400],
        'regressor__learning_rate': [0.05, 0.1],
        'regressor__max_depth': [None, 5],
        'regressor__min_samples_leaf': [10, 20],
        'regressor__subsample': [1.0, 0.8],
        'regressor__max_features': ['sqrt', 'log2']
    }
]
[-0.71408308 -0.71089793 -0.71252724 -0.70677373 -0.71053901 -0.71191787
 -0.71054313 -0.70900604 -0.69277648 -0.69618438 -0.69151114 -0.695636
 -0.69571922 -0.6980479  -0.69130315 -0.6935501  -0.71640964 -0.73021818
 -0.71250601 -0.71833665 -0.72127309 -0.72708719 -0.713335   -0.71694142
 -0.70699986 -0.70814799 -0.71052165 -0.70397456 -0.7105802  -0.70277257
 -0.70455611 -0.70656312]
[0.33700653 0.33033627 0.33723271 0.33181145 0.3409257  0.34065714
 0.33732593 0.33353819 0.3298231  0.33882965 0.32663681 0.3315934
 0.33550611 0.33556148 0.32667429 0.3364481  0.34143032 0.33111535
 0.33168442 0.33482546 0.33846864 0.34241869 0.3402049  0.33029435
 0.33560738 0.33908321 0.33675776 0.34148057 0.33805833 0.33289336
 0.33116683 0.33820488]
[26 21 24 13 18 22 19 16  3  7  2  5  6  8  1  4 27 32 23 29 30 31 25 28
 14 15 17 10 20  9 11 12]
mdts_sin
[
    {
        'regressor__n_estimators': [400],
        'regressor__learning_rate': [0.05, 0.1],
        'regressor__max_depth': [None, 5],
        'regressor__min_samples_leaf': [10, 20],
        'regressor__subsample': [1.0, 0.8],
        'regressor__max_features': ['sqrt', 'log2']
    }
]
[-0.08774238 -0.08755389 -0.08872964 -0.08829583 -0.08695619 -0.08764752
 -0.08766499 -0.08829642 -0.08703085 -0.08676025 -0.08655785 -0.08718542
 -0.0867348  -0.08662727 -0.08650849 -0.08682795 -0.08660887 -0.08976726
 -0.08925341 -0.08986064 -0.08804124 -0.0892813  -0.08917713 -0.08987927
 -0.08821014 -0.08814179 -0.08797049 -0.08952315 -0.08806428 -0.08777043
 -0.08839293 -0.08830199]
[0.04457479 0.0447899  0.0453589  0.0440785  0.04474492 0.0450531
 0.04502729 0.04503322 0.0471128  0.04661849 0.04722477 0.04608054
 0.04838637 0.04619705 0.04762479 0.04605233 0.04363717 0.04536856
 0.04395698 0.04439998 0.04495128 0.04516099 0.04532349 0.04496435
 0.04642199 0.04546966 0.04584857 0.04612905 0.04673991 0.04609792
 0.04733081 0.04718248]
[14 11 25 21  8 12 13 22  9  6  2 10  5  4  1  7  3 30 27 31 17 28 26 32
 20 19 16 29 18 15 24 23]
mdts_cos
[
    {
        'regressor__n_estimators': [400],
        'regressor__learning_rate': [0.05, 0.1],
        'regressor__max_depth': [None, 5],
        'regressor__min_samples_leaf': [10, 20],
        'regressor__subsample': [1.0, 0.8],
        'regressor__max_features': ['sqrt', 'log2']
    }
]
[-0.10396188 -0.10500909 -0.10365548 -0.10429659 -0.10313122 -0.10426608
 -0.10296589 -0.10333617 -0.10039482 -0.10214665 -0.10150552 -0.10181582
 -0.10065515 -0.10191102 -0.10093291 -0.10011257 -0.10329951 -0.10365685
 -0.10436839 -0.10671989 -0.10404781 -0.10408121 -0.10411976 -0.10490629
 -0.10239581 -0.10570659 -0.1038958  -0.10283932 -0.10404989 -0.10284749
 -0.10219076 -0.10224444]
[0.04503288 0.04679087 0.04356617 0.04365495 0.04523069 0.04454709
 0.04362035 0.04291651 0.0443526  0.04545652 0.0442541  0.04447634
 0.04466502 0.04599798 0.04455138 0.04324076 0.04444427 0.0413624
 0.04294123 0.04442474 0.04442601 0.0456841  0.04331411 0.041668
 0.04434948 0.04582066 0.04505746 0.04336359 0.04573273 0.04338018
 0.04295439 0.0426787 ]
[21 30 18 27 15 26 14 17  2  8  5  6  3  7  4  1 16 19 28 32 22 24 25 29
 11 31 20 12 23 13  9 10]
shts_max
[
    {
        'regressor__n_estimators': [400],
        'regressor__learning_rate': [0.05, 0.1],
        'regressor__max_depth': [None, 5],
        'regressor__min_samples_leaf': [10, 20],
        'regressor__subsample': [1.0, 0.8],
        'regressor__max_features': ['sqrt', 'log2']
    }
]
[-0.55853274 -0.5648273  -0.56076029 -0.56262706 -0.56111783 -0.56487875
 -0.56262948 -0.56586266 -0.54786286 -0.5518131  -0.54908639 -0.54920888
 -0.55112997 -0.55146832 -0.54921899 -0.55132855 -0.56363135 -0.57244892
 -0.56676953 -0.57435023 -0.5646174  -0.57500379 -0.57000239 -0.57335224
 -0.55586591 -0.56265323 -0.5580255  -0.56202613 -0.56145683 -0.56471176
 -0.56118895 -0.56045676]
[0.15353204 0.154039   0.15298657 0.15689768 0.15549802 0.15596448
 0.15285003 0.15345629 0.15201656 0.15974783 0.15306188 0.15437718
 0.15762096 0.1588293  0.15271163 0.15483437 0.15464457 0.15318006
 0.15746392 0.15468782 0.15590591 0.16651256 0.16282399 0.16357687
 0.14760394 0.15190199 0.15300288 0.15501345 0.15296531 0.16276563
 0.15535154 0.15062461]
[11 24 13 18 14 25 19 26  1  8  2  3  5  7  4  6 21 29 27 31 22 32 28 30
  9 20 10 17 16 23 15 12]
shts_med
[
    {
        'regressor__n_estimators': [400],
        'regressor__learning_rate': [0.05, 0.1],
        'regressor__max_depth': [None, 5],
        'regressor__min_samples_leaf': [10, 20],
        'regressor__subsample': [1.0, 0.8],
        'regressor__max_features': ['sqrt', 'log2']
    }
]
[-0.4928177  -0.49880613 -0.49805194 -0.50002337 -0.49425697 -0.49875413
 -0.49849965 -0.50084753 -0.48643086 -0.49153722 -0.48577248 -0.48767207
 -0.48843174 -0.49192553 -0.48998321 -0.48999514 -0.49866497 -0.51227757
 -0.5048704  -0.5080762  -0.50342407 -0.50681146 -0.5021442  -0.51204418
 -0.49566455 -0.49861241 -0.49294875 -0.49824766 -0.49707673 -0.50044278
 -0.49446114 -0.49333471]
[0.11543639 0.12002808 0.1129518  0.11258068 0.1144363  0.11434946
 0.11726385 0.11424506 0.11569616 0.11887464 0.11242956 0.11469553
 0.11801358 0.11913316 0.1142356  0.11782189 0.12100331 0.11961566
 0.1169439  0.11744598 0.1200605  0.11936479 0.11652747 0.11488092
 0.11361823 0.12030059 0.1128992  0.11771983 0.11734057 0.11415968
 0.11291606 0.1162063 ]
[ 9 22 16 23 12 21 18 25  2  7  1  3  4  8  5  6 20 32 28 30 27 29 26 31
 14 19 10 17 15 24 13 11]

*****************************************************************************
*                                                                           *
*                    JOB EFFICIENCY REPORT (seff 13113336)                   *
*                                                                           *
*****************************************************************************

Job ID: 13113336
Cluster: finisterrae3
User/Group: curso342/ulc
State: COMPLETED (exit code 0)
Nodes: 1
Cores per node: 16
CPU Utilized: 1-16:20:24
CPU Efficiency: 96.28% of 1-17:53:52 core-walltime
Job Wall-clock time: 02:37:07
Memory Utilized: 2.87 GB
Memory Efficiency: 8.96% of 32.00 GB

 +++++++++++++++++++++++++++++++++++++++++++++++++++++++++++++++++++++++++++
 ++   Memory Efficiency is too small. Please review the requested memory. ++
 ++ It seems that you do not need that much memory so we recommend        ++
 ++ requesting less memory in other similar jobs.                         ++
 +++++++++++++++++++++++++++++++++++++++++++++++++++++++++++++++++++++++++++
 
*****************************************************************************

