slurmstepd: info: Setting TMPDIR to /scratch/13176801. Previous errors about TMPDIR can be discarded
dwi_sin
[{'regressor__max_iter': [100, 200], 'regressor__learning_rate': [0.05, 0.1], 'regressor__max_depth': [None, 5], 'regressor__min_samples_leaf': [20, 50], 'regressor__l2_regularization': [0.0, 0.5]}]
[-0.46871027 -0.46859206 -0.47174341 -0.47297216 -0.46571662 -0.46416217
 -0.46820801 -0.46602126 -0.47528018 -0.47337152 -0.48060058 -0.47790643
 -0.46967569 -0.4674336  -0.47441261 -0.47201497 -0.47010131 -0.46840039
 -0.47342378 -0.47310732 -0.46512057 -0.4645524  -0.46797495 -0.46669926
 -0.47342215 -0.47574376 -0.47691821 -0.48068042 -0.46923552 -0.46879813
 -0.47445126 -0.47455921]
[0.0635187  0.06349385 0.06405748 0.06576384 0.06277271 0.06235242
 0.06377308 0.06368777 0.06674109 0.06393917 0.067061   0.06383619
 0.06569655 0.06390991 0.0672873  0.06299088 0.06324603 0.06399568
 0.06345754 0.06457528 0.06271125 0.06177605 0.06391116 0.06335417
 0.06469676 0.06430761 0.06577793 0.06469471 0.0657656  0.06557194
 0.06657133 0.06607505]
[12 11 17 19  4  1  9  5 27 21 31 30 15  7 24 18 16 10 23 20  3  2  8  6
 22 28 29 32 14 13 25 26]
dwi_cos
[{'regressor__max_iter': [100, 200], 'regressor__learning_rate': [0.05, 0.1], 'regressor__max_depth': [None, 5], 'regressor__min_samples_leaf': [20, 50], 'regressor__l2_regularization': [0.0, 0.5]}]
[-0.40798914 -0.40976051 -0.4119798  -0.41307283 -0.40709465 -0.4062466
 -0.40912365 -0.40870376 -0.41343525 -0.41382648 -0.41810465 -0.41909089
 -0.41021434 -0.41098332 -0.415631   -0.41546743 -0.4074721  -0.40889307
 -0.40972285 -0.41215458 -0.40608495 -0.40760568 -0.4078569  -0.40968982
 -0.41332896 -0.41421081 -0.41716064 -0.4172087  -0.41046584 -0.41029586
 -0.41500731 -0.41489745]
[0.03714345 0.0375909  0.03754015 0.03793006 0.03803879 0.03805
 0.03756123 0.03825014 0.03768698 0.03713972 0.03704046 0.03706643
 0.03696776 0.03679982 0.03520326 0.03590618 0.03653971 0.0375235
 0.03657047 0.03724048 0.03670348 0.0373066  0.03741918 0.03711069
 0.0367553  0.03810629 0.03704523 0.03804937 0.03595326 0.03783981
 0.03576828 0.03834902]
[ 7 13 18 20  3  2 10  8 22 23 31 32 14 17 28 27  4  9 12 19  1  5  6 11
 21 24 29 30 16 15 26 25]
wind_max
[{'regressor__max_iter': [100, 200], 'regressor__learning_rate': [0.05, 0.1], 'regressor__max_depth': [None, 5], 'regressor__min_samples_leaf': [20, 50], 'regressor__l2_regularization': [0.0, 0.5]}]
[-2.30093688 -2.29849493 -2.30747007 -2.31107812 -2.30551489 -2.2982304
 -2.30382443 -2.29765821 -2.31962424 -2.31839967 -2.33398873 -2.3344386
 -2.30378732 -2.29996716 -2.32001007 -2.310798   -2.31207582 -2.30016031
 -2.31516811 -2.30979416 -2.30660623 -2.2965228  -2.30616109 -2.2973302
 -2.3204432  -2.30807872 -2.32732685 -2.32851919 -2.31088971 -2.29574468
 -2.32890089 -2.31693578]
[0.36202578 0.37181135 0.35647207 0.36642303 0.36837925 0.38013805
 0.36124447 0.37458296 0.3580847  0.37229926 0.35700164 0.36749999
 0.35944439 0.37391207 0.35165332 0.37601011 0.35680319 0.37692352
 0.35018753 0.36946624 0.36733233 0.37751299 0.35969223 0.37413136
 0.36061081 0.36921826 0.35975028 0.36356763 0.35945151 0.37851082
 0.35081783 0.37724865]
[ 9  6 15 20 12  5 11  4 25 24 31 32 10  7 26 18 21  8 22 17 14  2 13  3
 27 16 28 29 19  1 30 23]
wind_med
[{'regressor__max_iter': [100, 200], 'regressor__learning_rate': [0.05, 0.1], 'regressor__max_depth': [None, 5], 'regressor__min_samples_leaf': [20, 50], 'regressor__l2_regularization': [0.0, 0.5]}]
[-2.03664558 -2.02317351 -2.04195902 -2.03203219 -2.023729   -2.00812065
 -2.02776909 -2.01280214 -2.0591039  -2.04035036 -2.06973126 -2.0606988
 -2.03980254 -2.02136177 -2.05825433 -2.03878614 -2.03950216 -2.01734392
 -2.04504814 -2.02923542 -2.02086923 -2.01193728 -2.02204277 -2.01648864
 -2.0598132  -2.0358056  -2.07172875 -2.0549212  -2.04315829 -2.02853764
 -2.05791089 -2.04431176]
[0.40447808 0.40758495 0.40670959 0.40676562 0.4061086  0.41739556
 0.40469543 0.41230042 0.40332925 0.4082569  0.40500356 0.40502701
 0.41060494 0.40593397 0.40449394 0.40103443 0.40625695 0.41262226
 0.40262433 0.41297537 0.41112611 0.41197686 0.4090336  0.40831961
 0.40842853 0.40422335 0.40617326 0.4004554  0.39344529 0.40424354
 0.38947448 0.40381184]
[16  9 21 14 10  1 11  3 28 20 31 30 19  7 27 17 18  5 24 13  6  2  8  4
 29 15 32 25 22 12 26 23]
shww_max
[{'regressor__max_iter': [100, 200], 'regressor__learning_rate': [0.05, 0.1], 'regressor__max_depth': [None, 5], 'regressor__min_samples_leaf': [20, 50], 'regressor__l2_regularization': [0.0, 0.5]}]
[-0.91274538 -0.90945644 -0.92150504 -0.91683768 -0.90041628 -0.90109368
 -0.90794322 -0.90902261 -0.92906219 -0.9190589  -0.93590769 -0.92919486
 -0.91248183 -0.91035781 -0.92185857 -0.91838935 -0.908969   -0.91112324
 -0.91585547 -0.91908977 -0.90327376 -0.90172424 -0.90914259 -0.91056265
 -0.92082278 -0.91948298 -0.9290174  -0.93055292 -0.91993252 -0.91084771
 -0.92776153 -0.92029504]
[0.39701675 0.38658844 0.3965665  0.38824616 0.38725682 0.39332033
 0.39014515 0.39815241 0.39532865 0.38817532 0.39483537 0.39256112
 0.38961819 0.39300915 0.38771858 0.39229464 0.39537147 0.38833376
 0.39366985 0.39011479 0.38826969 0.3905852  0.39057084 0.39533743
 0.3965128  0.38825893 0.39587098 0.39036592 0.39424627 0.39525609
 0.39071293 0.40043314]
[15  9 25 17  1  2  5  7 29 19 32 30 14 10 26 18  6 13 16 20  4  3  8 11
 24 21 28 31 22 12 27 23]
shww_med
[{'regressor__max_iter': [100, 200], 'regressor__learning_rate': [0.05, 0.1], 'regressor__max_depth': [None, 5], 'regressor__min_samples_leaf': [20, 50], 'regressor__l2_regularization': [0.0, 0.5]}]
[-0.69437221 -0.68781644 -0.70243962 -0.69656199 -0.68423747 -0.68098261
 -0.6903202  -0.6857222  -0.70044833 -0.69527536 -0.70669537 -0.70542022
 -0.69361188 -0.6915024  -0.69969983 -0.69958854 -0.6919975  -0.68622126
 -0.70027756 -0.69557334 -0.68527064 -0.68039188 -0.69221317 -0.6856359
 -0.70188862 -0.70156465 -0.70648761 -0.71086911 -0.69099646 -0.68736301
 -0.69763034 -0.69668589]
[0.32595352 0.31927791 0.32980969 0.32254498 0.32313074 0.32141515
 0.32446088 0.32578621 0.32736732 0.32042873 0.32597967 0.32427398
 0.32580039 0.32536826 0.32497508 0.32858278 0.32599282 0.32050212
 0.32837824 0.32544644 0.32320632 0.32133453 0.32427519 0.32621196
 0.32936402 0.3282401  0.32983087 0.33186307 0.32182887 0.32595986
 0.31771155 0.32901666]
[16  9 28 19  3  2 10  6 25 17 31 29 15 12 23 22 13  7 24 18  4  1 14  5
 27 26 30 32 11  8 21 20]
mdts_sin
[{'regressor__max_iter': [100, 200], 'regressor__learning_rate': [0.05, 0.1], 'regressor__max_depth': [None, 5], 'regressor__min_samples_leaf': [20, 50], 'regressor__l2_regularization': [0.0, 0.5]}]
[-0.08758446 -0.08703878 -0.08864953 -0.08849901 -0.08655403 -0.08529403
 -0.08728378 -0.08652957 -0.08870181 -0.08905913 -0.08957254 -0.09022777
 -0.08752532 -0.08648397 -0.08858755 -0.08760375 -0.08697099 -0.08697759
 -0.08796424 -0.08835829 -0.0868369  -0.08545105 -0.08754302 -0.08651854
 -0.08867972 -0.089089   -0.08958244 -0.09036256 -0.0883348  -0.08603652
 -0.08940791 -0.08755147]
[0.04632047 0.04420224 0.04603021 0.0441512  0.0480274  0.04624848
 0.04735577 0.04629021 0.0461644  0.04338577 0.0463894  0.04370401
 0.04822192 0.04562293 0.04775298 0.04530725 0.04609374 0.04341995
 0.04569251 0.0435701  0.04878893 0.04622644 0.04800724 0.04640822
 0.04530984 0.04351389 0.0453891  0.04363455 0.04716296 0.04631315
 0.04623541 0.0462802 ]
[16 11 23 21  7  1 12  6 25 26 29 31 13  4 22 17  9 10 18 20  8  2 14  5
 24 27 30 32 19  3 28 15]
mdts_cos
[{'regressor__max_iter': [100, 200], 'regressor__learning_rate': [0.05, 0.1], 'regressor__max_depth': [None, 5], 'regressor__min_samples_leaf': [20, 50], 'regressor__l2_regularization': [0.0, 0.5]}]
[-0.10374319 -0.09989123 -0.10484768 -0.10232406 -0.10273725 -0.09805934
 -0.10411307 -0.0992417  -0.10738067 -0.10173402 -0.10814412 -0.10308095
 -0.10389631 -0.10007419 -0.10519781 -0.10195005 -0.10449262 -0.09970965
 -0.10535821 -0.10196248 -0.10144745 -0.09806107 -0.10319932 -0.0994718
 -0.10588371 -0.10192801 -0.10673705 -0.10318721 -0.10257118 -0.10039468
 -0.10367181 -0.10211064]
[0.0473372  0.04328466 0.0468349  0.04300427 0.05017178 0.04531328
 0.04926033 0.04453195 0.04932661 0.04215661 0.04872174 0.04180407
 0.04806224 0.04375689 0.04742703 0.04273414 0.04813755 0.04315612
 0.04732765 0.04299013 0.04881249 0.04514576 0.04854217 0.04457671
 0.04674742 0.0427044  0.04603109 0.04242789 0.04583334 0.04385349
 0.04531716 0.04355471]
[22  6 26 15 17  1 24  3 31 10 32 18 23  7 27 12 25  5 28 13  9  2 20  4
 29 11 30 19 16  8 21 14]
shts_max
[{'regressor__max_iter': [100, 200], 'regressor__learning_rate': [0.05, 0.1], 'regressor__max_depth': [None, 5], 'regressor__min_samples_leaf': [20, 50], 'regressor__l2_regularization': [0.0, 0.5]}]
[-0.54425593 -0.54751822 -0.54959913 -0.55469111 -0.54404525 -0.54198247
 -0.54710545 -0.54618992 -0.55477719 -0.55577757 -0.56016588 -0.5627375
 -0.54835035 -0.54669035 -0.5548289  -0.55280667 -0.5468181  -0.54452992
 -0.55191625 -0.55233267 -0.54287731 -0.54170048 -0.54578198 -0.54540136
 -0.55559904 -0.55746746 -0.56059965 -0.56478238 -0.54652786 -0.54904783
 -0.5511898  -0.55402974]
[0.15541579 0.1558016  0.15399412 0.15459064 0.15552534 0.15474684
 0.15510324 0.15422252 0.1572879  0.15264814 0.15618912 0.15065064
 0.1569885  0.15330399 0.15543707 0.15066784 0.15809177 0.15558691
 0.15784999 0.15483656 0.15509969 0.15420847 0.1547974  0.15378674
 0.1563957  0.15548411 0.156093   0.15212384 0.15408737 0.1541672
 0.15124899 0.15153293]
[ 5 14 17 23  4  2 13  9 24 27 29 31 15 11 25 21 12  6 19 20  3  1  8  7
 26 28 30 32 10 16 18 22]
shts_med
[{'regressor__max_iter': [100, 200], 'regressor__learning_rate': [0.05, 0.1], 'regressor__max_depth': [None, 5], 'regressor__min_samples_leaf': [20, 50], 'regressor__l2_regularization': [0.0, 0.5]}]
[-0.48283312 -0.48536592 -0.48685139 -0.49078526 -0.48389307 -0.48299409
 -0.48626191 -0.48501024 -0.48963948 -0.49263965 -0.49365615 -0.49883433
 -0.48717542 -0.48624792 -0.49171941 -0.49156189 -0.48291787 -0.48504759
 -0.48616361 -0.48993844 -0.48320123 -0.48368246 -0.48452014 -0.48566835
 -0.48971186 -0.49396481 -0.49434616 -0.49943634 -0.48732207 -0.48585254
 -0.4904335  -0.48998658]
[0.11785574 0.12033296 0.11576782 0.11834787 0.11781513 0.1179196
 0.11713977 0.11705641 0.11781927 0.11607564 0.11581149 0.1141999
 0.11640293 0.11771012 0.11501833 0.11520031 0.11860463 0.11944055
 0.11596426 0.11781335 0.11784818 0.11723683 0.11725437 0.11650125
 0.11710762 0.11794772 0.11564915 0.11731556 0.11764663 0.11691101
 0.11641996 0.11541627]
[ 1 10 16 24  6  3 15  8 19 27 28 31 17 14 26 25  2  9 13 21  4  5  7 11
 20 29 30 32 18 12 23 22]
