slurmstepd: info: Setting TMPDIR to /scratch/13137758. Previous errors about TMPDIR can be discarded
dwi_sin
[{'regressor__max_iter': [100], 'regressor__learning_rate': [0.05, 0.1], 'regressor__max_depth': [None, 5], 'regressor__min_samples_leaf': [20, 50], 'regressor__l2_regularization': [0.0, 0.5]}]
[-0.46871027 -0.46859206 -0.46571662 -0.46416217 -0.47528018 -0.47337152
 -0.46967569 -0.4674336  -0.47010131 -0.46840039 -0.46512057 -0.4645524
 -0.47342215 -0.47574376 -0.46923552 -0.46879813]
[0.0635187  0.06349385 0.06277271 0.06235242 0.06674109 0.06393917
 0.06569655 0.06390991 0.06324603 0.06399568 0.06271125 0.06177605
 0.06469676 0.06430761 0.0657656  0.06557194]
[ 8  7  4  1 15 13 11  5 12  6  3  2 14 16 10  9]
dwi_cos
[{'regressor__max_iter': [100], 'regressor__learning_rate': [0.05, 0.1], 'regressor__max_depth': [None, 5], 'regressor__min_samples_leaf': [20, 50], 'regressor__l2_regularization': [0.0, 0.5]}]
[-0.40798914 -0.40976051 -0.40709465 -0.4062466  -0.41343525 -0.41382648
 -0.41021434 -0.41098332 -0.4074721  -0.40889307 -0.40608495 -0.40760568
 -0.41332896 -0.41421081 -0.41046584 -0.41029586]
[0.03714345 0.0375909  0.03803879 0.03805    0.03768698 0.03713972
 0.03696776 0.03679982 0.03653971 0.0375235  0.03670348 0.0373066
 0.0367553  0.03810629 0.03595326 0.03783981]
[ 6  8  3  2 14 15  9 12  4  7  1  5 13 16 11 10]
wind_max
[{'regressor__max_iter': [100], 'regressor__learning_rate': [0.05, 0.1], 'regressor__max_depth': [None, 5], 'regressor__min_samples_leaf': [20, 50], 'regressor__l2_regularization': [0.0, 0.5]}]
[-2.30093688 -2.29849493 -2.30551489 -2.2982304  -2.31962424 -2.31839967
 -2.30378732 -2.29996716 -2.31207582 -2.30016031 -2.30660623 -2.2965228
 -2.3204432  -2.30807872 -2.31088971 -2.29574468]
[0.36202578 0.37181135 0.36837925 0.38013805 0.3580847  0.37229926
 0.35944439 0.37391207 0.35680319 0.37692352 0.36733233 0.37751299
 0.36061081 0.36921826 0.35945151 0.37851082]
[ 7  4  9  3 15 14  8  5 13  6 10  2 16 11 12  1]
wind_med
[{'regressor__max_iter': [100], 'regressor__learning_rate': [0.05, 0.1], 'regressor__max_depth': [None, 5], 'regressor__min_samples_leaf': [20, 50], 'regressor__l2_regularization': [0.0, 0.5]}]
[-2.03664558 -2.02317351 -2.023729   -2.00812065 -2.0591039  -2.04035036
 -2.03980254 -2.02136177 -2.03950216 -2.01734392 -2.02086923 -2.01193728
 -2.0598132  -2.0358056  -2.04315829 -2.02853764]
[0.40447808 0.40758495 0.4061086  0.41739556 0.40332925 0.4082569
 0.41060494 0.40593397 0.40625695 0.41262226 0.41112611 0.41197686
 0.40842853 0.40422335 0.39344529 0.40424354]
[10  6  7  1 15 13 12  5 11  3  4  2 16  9 14  8]
shww_max
[{'regressor__max_iter': [100], 'regressor__learning_rate': [0.05, 0.1], 'regressor__max_depth': [None, 5], 'regressor__min_samples_leaf': [20, 50], 'regressor__l2_regularization': [0.0, 0.5]}]
[-0.91274538 -0.90945644 -0.90041628 -0.90109368 -0.92906219 -0.9190589
 -0.91248183 -0.91035781 -0.908969   -0.91112324 -0.90327376 -0.90172424
 -0.92082278 -0.91948298 -0.91993252 -0.91084771]
[0.39701675 0.38658844 0.38725682 0.39332033 0.39532865 0.38817532
 0.38961819 0.39300915 0.39537147 0.38833376 0.38826969 0.3905852
 0.3965128  0.38825893 0.39424627 0.39525609]
[11  6  1  2 16 12 10  7  5  9  4  3 15 13 14  8]
shww_med
[{'regressor__max_iter': [100], 'regressor__learning_rate': [0.05, 0.1], 'regressor__max_depth': [None, 5], 'regressor__min_samples_leaf': [20, 50], 'regressor__l2_regularization': [0.0, 0.5]}]
[-0.69437221 -0.68781644 -0.68423747 -0.68098261 -0.70044833 -0.69527536
 -0.69361188 -0.6915024  -0.6919975  -0.68622126 -0.68527064 -0.68039188
 -0.70188862 -0.70156465 -0.69099646 -0.68736301]
[0.32595352 0.31927791 0.32313074 0.32141515 0.32736732 0.32042873
 0.32580039 0.32536826 0.32599282 0.32050212 0.32320632 0.32133453
 0.32936402 0.3282401  0.32182887 0.32595986]
[12  7  3  2 14 13 11  9 10  5  4  1 16 15  8  6]
mdts_sin
[{'regressor__max_iter': [100], 'regressor__learning_rate': [0.05, 0.1], 'regressor__max_depth': [None, 5], 'regressor__min_samples_leaf': [20, 50], 'regressor__l2_regularization': [0.0, 0.5]}]
[-0.08758446 -0.08703878 -0.08655403 -0.08529403 -0.08870181 -0.08905913
 -0.08752532 -0.08648397 -0.08697099 -0.08697759 -0.0868369  -0.08545105
 -0.08867972 -0.089089   -0.0883348  -0.08603652]
[0.04632047 0.04420224 0.0480274  0.04624848 0.0461644  0.04338577
 0.04822192 0.04562293 0.04609374 0.04341995 0.04878893 0.04622644
 0.04530984 0.04351389 0.04716296 0.04631315]
[11  9  5  1 14 15 10  4  7  8  6  2 13 16 12  3]
mdts_cos
[{'regressor__max_iter': [100], 'regressor__learning_rate': [0.05, 0.1], 'regressor__max_depth': [None, 5], 'regressor__min_samples_leaf': [20, 50], 'regressor__l2_regularization': [0.0, 0.5]}]
[-0.10374319 -0.09989123 -0.10273725 -0.09805934 -0.10738067 -0.10173402
 -0.10389631 -0.10007419 -0.10449262 -0.09970965 -0.10144745 -0.09806107
 -0.10588371 -0.10192801 -0.10257118 -0.10039468]
[0.0473372  0.04328466 0.05017178 0.04531328 0.04932661 0.04215661
 0.04806224 0.04375689 0.04813755 0.04315612 0.04881249 0.04514576
 0.04674742 0.0427044  0.04583334 0.04385349]
[12  4 11  1 16  8 13  5 14  3  7  2 15  9 10  6]
shts_max
[{'regressor__max_iter': [100], 'regressor__learning_rate': [0.05, 0.1], 'regressor__max_depth': [None, 5], 'regressor__min_samples_leaf': [20, 50], 'regressor__l2_regularization': [0.0, 0.5]}]
[-0.54425593 -0.54751822 -0.54404525 -0.54198247 -0.55477719 -0.55577757
 -0.54835035 -0.54669035 -0.5468181  -0.54452992 -0.54287731 -0.54170048
 -0.55559904 -0.55746746 -0.54652786 -0.54904783]
[0.15541579 0.1558016  0.15552534 0.15474684 0.1572879  0.15264814
 0.1569885  0.15330399 0.15809177 0.15558691 0.15509969 0.15420847
 0.1563957  0.15548411 0.15408737 0.1541672 ]
[ 5 10  4  2 13 15 11  8  9  6  3  1 14 16  7 12]
shts_med
[{'regressor__max_iter': [100], 'regressor__learning_rate': [0.05, 0.1], 'regressor__max_depth': [None, 5], 'regressor__min_samples_leaf': [20, 50], 'regressor__l2_regularization': [0.0, 0.5]}]
[-0.48283312 -0.48536592 -0.48389307 -0.48299409 -0.48963948 -0.49263965
 -0.48717542 -0.48624792 -0.48291787 -0.48504759 -0.48320123 -0.48368246
 -0.48971186 -0.49396481 -0.48732207 -0.48585254]
[0.11785574 0.12033296 0.11781513 0.1179196  0.11781927 0.11607564
 0.11640293 0.11771012 0.11860463 0.11944055 0.11784818 0.11723683
 0.11710762 0.11794772 0.11764663 0.11691101]
[ 1  8  6  3 13 15 11 10  2  7  4  5 14 16 12  9]
