slurmstepd: info: Setting TMPDIR to /scratch/13176802. Previous errors about TMPDIR can be discarded
dwi_sin
[{'regressor__max_iter': [300, 400], 'regressor__learning_rate': [0.05, 0.1], 'regressor__max_depth': [None, 5], 'regressor__min_samples_leaf': [20, 50], 'regressor__l2_regularization': [0.0, 0.5]}]
[-0.47468781 -0.47606181 -0.47566093 -0.47761784 -0.47140071 -0.46829769
 -0.47355745 -0.47074106 -0.48225255 -0.47990522 -0.48293958 -0.48144846
 -0.47803468 -0.4756741  -0.47980111 -0.47847742 -0.4755016  -0.47612812
 -0.47683428 -0.47754982 -0.47014758 -0.46920404 -0.47299961 -0.47117337
 -0.47873162 -0.48356748 -0.47941104 -0.48520877 -0.47660583 -0.47765508
 -0.47847074 -0.48012524]
[0.06400914 0.0652526  0.06416454 0.06498641 0.06425632 0.06383415
 0.0648832  0.06420788 0.06767021 0.06394056 0.06750627 0.06381992
 0.06768763 0.06388831 0.0673725  0.06372693 0.06326076 0.06437372
 0.06338446 0.06392032 0.06473012 0.06335459 0.06443572 0.06353946
 0.0659318  0.06448174 0.06597544 0.06394776 0.06652363 0.06571722
 0.06636569 0.0659993 ]
[ 9 13 11 18  6  1  8  4 29 26 30 28 20 12 25 22 10 14 16 17  3  2  7  5
 23 31 24 32 15 19 21 27]
dwi_cos
[{'regressor__max_iter': [300, 400], 'regressor__learning_rate': [0.05, 0.1], 'regressor__max_depth': [None, 5], 'regressor__min_samples_leaf': [20, 50], 'regressor__l2_regularization': [0.0, 0.5]}]
[-0.41430704 -0.41492135 -0.41546446 -0.41628312 -0.41120431 -0.41050904
 -0.41318389 -0.41186229 -0.41960158 -0.42184311 -0.42028694 -0.42297767
 -0.41869341 -0.41811836 -0.42084548 -0.42024166 -0.41200044 -0.41470138
 -0.41327893 -0.41664123 -0.41037003 -0.41165303 -0.41172519 -0.41355858
 -0.41881651 -0.41930913 -0.41975168 -0.42056852 -0.41801579 -0.41794809
 -0.41979906 -0.41914573]
[0.03737785 0.03817478 0.03730406 0.03831872 0.03748253 0.03826335
 0.03709501 0.0383016  0.03699568 0.03716102 0.03687745 0.03734463
 0.03562969 0.03526824 0.03556247 0.03494637 0.03713887 0.03669494
 0.03694569 0.03701867 0.03760196 0.03714327 0.03746559 0.03773255
 0.0369833  0.03897371 0.0375417  0.03885722 0.03605204 0.03752878
 0.0360359  0.03744491]
[11 13 14 15  3  2  8  6 24 31 28 32 20 19 30 27  7 12  9 16  1  4  5 10
 21 23 25 29 18 17 26 22]
wind_max
[{'regressor__max_iter': [300, 400], 'regressor__learning_rate': [0.05, 0.1], 'regressor__max_depth': [None, 5], 'regressor__min_samples_leaf': [20, 50], 'regressor__l2_regularization': [0.0, 0.5]}]
[-2.31228333 -2.3178819  -2.31648865 -2.32488558 -2.30864134 -2.30292984
 -2.31538513 -2.30921006 -2.33677297 -2.34139735 -2.34054933 -2.34476087
 -2.32771302 -2.32281003 -2.33515005 -2.32688937 -2.32169114 -2.31582985
 -2.32602666 -2.32308741 -2.31562851 -2.30415995 -2.3210109  -2.31157501
 -2.33251905 -2.33752063 -2.33589917 -2.34197211 -2.33824039 -2.32931784
 -2.34646446 -2.3374747 ]
[0.35453869 0.36319946 0.35378313 0.3621193  0.35886436 0.37190391
 0.35728203 0.37062317 0.35474823 0.37026289 0.35385478 0.36743599
 0.34696142 0.36912998 0.3498556  0.36503207 0.34802062 0.36598323
 0.34605731 0.36804194 0.35350565 0.36914107 0.34925346 0.36493268
 0.358168   0.36209233 0.35641372 0.36038321 0.35103625 0.37461361
 0.34753783 0.36908096]
[ 6 11 10 16  3  1  7  4 24 29 28 31 19 14 22 18 13  9 17 15  8  2 12  5
 21 26 23 30 27 20 32 25]
wind_med
[{'regressor__max_iter': [300, 400], 'regressor__learning_rate': [0.05, 0.1], 'regressor__max_depth': [None, 5], 'regressor__min_samples_leaf': [20, 50], 'regressor__l2_regularization': [0.0, 0.5]}]
[-2.04614384 -2.03892572 -2.05040903 -2.04410152 -2.03217037 -2.0177142
 -2.03774537 -2.02331952 -2.07095015 -2.07031125 -2.07337392 -2.07301345
 -2.06885084 -2.05135273 -2.07571394 -2.06185878 -2.05207219 -2.03691268
 -2.05715656 -2.04082621 -2.02744576 -2.0216248  -2.03452968 -2.02658697
 -2.07693958 -2.06284069 -2.07957407 -2.06631079 -2.06771892 -2.05658959
 -2.07437804 -2.06692461]
[0.40688503 0.4059408  0.40495309 0.40764568 0.40460515 0.41385298
 0.40552379 0.4141652  0.40317508 0.4049221  0.40164825 0.40534532
 0.40426982 0.39964609 0.40439495 0.39921628 0.40398597 0.41041347
 0.40415544 0.40974214 0.40905489 0.40744648 0.40842365 0.40995582
 0.40716146 0.39892571 0.40544415 0.40086771 0.38858833 0.40185492
 0.38811587 0.40261235]
[13 10 14 12  6  1  9  3 26 25 28 27 24 15 30 19 16  8 18 11  5  2  7  4
 31 20 32 21 23 17 29 22]
shww_max
[{'regressor__max_iter': [300, 400], 'regressor__learning_rate': [0.05, 0.1], 'regressor__max_depth': [None, 5], 'regressor__min_samples_leaf': [20, 50], 'regressor__l2_regularization': [0.0, 0.5]}]
[-0.92570569 -0.92287834 -0.92774412 -0.928017   -0.91242922 -0.91292138
 -0.91672966 -0.91670387 -0.93975323 -0.93422273 -0.94117815 -0.93709606
 -0.92504812 -0.92609522 -0.92801682 -0.9314442  -0.92090201 -0.92493234
 -0.92324765 -0.93048109 -0.91471282 -0.91427923 -0.91856515 -0.91972955
 -0.93100049 -0.93654466 -0.933095   -0.9392591  -0.93191107 -0.92761854
 -0.93510131 -0.93150667]
[0.39747985 0.38886974 0.39766174 0.39014391 0.38837525 0.39868478
 0.38785981 0.39972834 0.39361201 0.39219057 0.39370573 0.39232915
 0.3870051  0.39336611 0.38464783 0.39397646 0.39410273 0.3918016
 0.39418751 0.39309462 0.39066307 0.39580073 0.39005429 0.39857304
 0.3951808  0.39081506 0.39482852 0.3901795  0.38982259 0.40010176
 0.38842708 0.39812086]
[14 10 17 19  1  2  6  5 31 26 32 29 13 15 18 22  9 12 11 20  4  3  7  8
 21 28 25 30 24 16 27 23]
shww_med
[{'regressor__max_iter': [300, 400], 'regressor__learning_rate': [0.05, 0.1], 'regressor__max_depth': [None, 5], 'regressor__min_samples_leaf': [20, 50], 'regressor__l2_regularization': [0.0, 0.5]}]
[-0.70537938 -0.70329087 -0.70681331 -0.70656625 -0.69425207 -0.6885576
 -0.69709039 -0.69360422 -0.70812757 -0.70965496 -0.70890301 -0.71258321
 -0.70168106 -0.70443438 -0.70507773 -0.70824232 -0.70420747 -0.70228912
 -0.70610689 -0.70694492 -0.69686612 -0.68940525 -0.69876049 -0.69335456
 -0.70812718 -0.71648161 -0.70875595 -0.71929287 -0.70025229 -0.70221043
 -0.70207075 -0.70567949]
[0.33028505 0.32560743 0.32926332 0.32749203 0.32363827 0.32698322
 0.32286922 0.3286167  0.32566602 0.32614906 0.32536882 0.3280641
 0.32313468 0.32894021 0.32237861 0.32934463 0.32822439 0.32940349
 0.32787098 0.33140715 0.32305295 0.32800089 0.32278758 0.3292378
 0.32823307 0.33353854 0.32783291 0.33386696 0.31651374 0.33027828
 0.31701374 0.33114941]
[18 14 22 21  5  1  7  4 25 29 28 30 10 16 17 26 15 13 20 23  6  2  8  3
 24 31 27 32  9 12 11 19]
mdts_sin
[{'regressor__max_iter': [300, 400], 'regressor__learning_rate': [0.05, 0.1], 'regressor__max_depth': [None, 5], 'regressor__min_samples_leaf': [20, 50], 'regressor__l2_regularization': [0.0, 0.5]}]
[-0.08896678 -0.08910081 -0.08922754 -0.08964478 -0.08780989 -0.08732162
 -0.08841812 -0.08800303 -0.08975107 -0.0907765  -0.0898774  -0.09110302
 -0.08911552 -0.0886826  -0.08943202 -0.08932018 -0.08852109 -0.08932159
 -0.08873532 -0.08973181 -0.08834115 -0.08738488 -0.08892647 -0.087881
 -0.08982708 -0.09089057 -0.09004087 -0.0911661  -0.09006073 -0.08832052
 -0.0904859  -0.0888063 ]
[0.04605972 0.04454058 0.04613998 0.0446515  0.04696318 0.04591573
 0.04696056 0.04549528 0.04638606 0.04366506 0.04642062 0.0436759
 0.0475755  0.04509906 0.04737773 0.04462541 0.04565697 0.0436222
 0.0457582  0.04376624 0.04773746 0.04604475 0.04761901 0.04582526
 0.04549806 0.04370528 0.04547901 0.04369483 0.04608307 0.04563857
 0.04608284 0.04544376]
[14 15 17 21  3  1  8  5 23 29 25 31 16 10 20 18  9 19 11 22  7  2 13  4
 24 30 26 32 27  6 28 12]
mdts_cos
[{'regressor__max_iter': [300, 400], 'regressor__learning_rate': [0.05, 0.1], 'regressor__max_depth': [None, 5], 'regressor__min_samples_leaf': [20, 50], 'regressor__l2_regularization': [0.0, 0.5]}]
[-0.10545763 -0.10352586 -0.10569154 -0.1040625  -0.10522095 -0.10002643
 -0.10593113 -0.10071687 -0.10839826 -0.10369452 -0.10851209 -0.10404428
 -0.10576403 -0.10292259 -0.10615486 -0.10339792 -0.10592229 -0.10298151
 -0.10624091 -0.10345072 -0.1042315  -0.10036816 -0.10490842 -0.10098079
 -0.10692644 -0.10365091 -0.10699736 -0.10377427 -0.10441877 -0.10294407
 -0.10474578 -0.10328177]
[0.04641666 0.0429788  0.04610077 0.04291038 0.04896782 0.04393983
 0.04858521 0.04369972 0.04837582 0.04164226 0.0481819  0.04143067
 0.04687867 0.04263351 0.04675749 0.04225801 0.04687    0.04289064
 0.04677093 0.04283755 0.04824746 0.04422867 0.04805456 0.04401943
 0.04585465 0.04214549 0.04569858 0.04204095 0.04500375 0.04312795
 0.0448602  0.04264638]
[22 11 23 16 21  1 26  3 31 13 32 15 24  5 27  9 25  7 28 10 17  2 20  4
 29 12 30 14 18  6 19  8]
shts_max
[{'regressor__max_iter': [300, 400], 'regressor__learning_rate': [0.05, 0.1], 'regressor__max_depth': [None, 5], 'regressor__min_samples_leaf': [20, 50], 'regressor__l2_regularization': [0.0, 0.5]}]
[-0.55230191 -0.55900614 -0.5544011  -0.56185546 -0.54988585 -0.55008425
 -0.55208718 -0.55262709 -0.56271204 -0.56593595 -0.56399032 -0.56744726
 -0.5583414  -0.55665127 -0.56106958 -0.55927838 -0.55532059 -0.55706403
 -0.5573545  -0.55980261 -0.54829298 -0.5485786  -0.55074172 -0.55083339
 -0.56266959 -0.56734277 -0.56452024 -0.5693822  -0.55430493 -0.55867364
 -0.55642361 -0.56138918]
[0.15194207 0.15241179 0.15059898 0.15083935 0.15450005 0.15450876
 0.15353376 0.15368712 0.15653616 0.15004284 0.15629782 0.14955765
 0.15526494 0.14892732 0.1545895  0.1479828  0.15669261 0.15297781
 0.15679542 0.15178137 0.15443547 0.15244453 0.15410684 0.15141398
 0.15546078 0.15133751 0.15531043 0.15073709 0.15014808 0.15086416
 0.15034596 0.15021781]
[ 8 19 11 24  3  4  7  9 26 29 27 31 17 14 22 20 12 15 16 21  1  2  5  6
 25 30 28 32 10 18 13 23]
shts_med
[{'regressor__max_iter': [300, 400], 'regressor__learning_rate': [0.05, 0.1], 'regressor__max_depth': [None, 5], 'regressor__min_samples_leaf': [20, 50], 'regressor__l2_regularization': [0.0, 0.5]}]
[-0.48869405 -0.4948434  -0.4898414  -0.4970185  -0.48778085 -0.48679679
 -0.48916443 -0.48864599 -0.49565737 -0.50187186 -0.49670697 -0.5033635
 -0.49395084 -0.49359368 -0.49553452 -0.4956766  -0.48870672 -0.49372755
 -0.49048178 -0.49608688 -0.4855258  -0.48793284 -0.48669722 -0.48978642
 -0.49685106 -0.50141863 -0.49762897 -0.50325789 -0.49365378 -0.49275629
 -0.49501829 -0.49512738]
[0.11435391 0.11702235 0.11385219 0.11681655 0.11596235 0.1153408
 0.11460183 0.11507714 0.1150612  0.11397672 0.1148628  0.11400905
 0.11493854 0.11555816 0.1151024  0.11474984 0.1153732  0.11699361
 0.11511278 0.11686347 0.11576474 0.11573758 0.11478679 0.11586194
 0.11477932 0.11667543 0.1143996  0.11637021 0.11557757 0.11707438
 0.11525815 0.11609464]
[ 7 18 11 27  4  3  9  6 22 30 25 32 17 14 21 23  8 16 12 24  1  5  2 10
 26 29 28 31 15 13 19 20]
