slurmstepd: info: Setting TMPDIR to /scratch/13086626. Previous errors about TMPDIR can be discarded
dwi_sin
[
    {
        'scaler': [None, StandardScaler()],
        'poly__degree': [2],
        'regressor__C': [0.1, 1.0, 10.0, 100.0],
        'regressor__epsilon': [0.01, 0.1, 0.2, 1]
    }
]
[-1.3385521  -0.61874748 -0.73268816 -0.62134413 -0.97262139 -0.58996023
 -0.71634879 -0.71634879 -1.26645317 -0.91697856 -1.53761256 -0.92394412
 -1.56700398 -0.92557713 -0.71634879 -0.71634879 -2.25765562 -1.05362007
 -1.44764697 -1.1303226  -1.48289394 -0.82451544 -0.71634879 -0.71634879
 -2.73717348 -1.2745804  -2.22970039 -0.88963679 -1.33861277 -0.92080193
 -0.71634879 -0.71634879]
[1.49293703 0.15513193 0.45229803 0.14878182 1.33448858 0.20945858
 0.01232881 0.01232881 0.67220826 0.26255454 1.16145461 0.33293604
 1.47300278 0.46567337 0.01232881 0.01232881 2.15764006 0.34377989
 0.51132074 0.55540436 1.00365438 0.29364291 0.01232881 0.01232881
 3.41582186 0.77654139 2.17735903 0.2684035  0.80657679 0.28059941
 0.01232881 0.01232881]
[24  2 12  3 19  1  4  4 22 15 28 17 29 18  4  4 31 20 26 21 27 13  4  4
 32 23 30 14 25 16  4  4]
dwi_cos
[
    {
        'scaler': [None, StandardScaler()],
        'poly__degree': [2],
        'regressor__C': [0.1, 1.0, 10.0, 100.0],
        'regressor__epsilon': [0.01, 0.1, 0.2, 1]
    }
]
[-0.8878777  -0.57598645 -1.04262011 -0.55521052 -0.80294346 -0.51593922
 -0.56290771 -0.56290771 -1.6128485  -0.79585558 -1.05245689 -0.72219596
 -1.2986438  -0.76751793 -0.56290771 -0.56290771 -4.10091279 -0.80828435
 -1.3659001  -0.7866199  -2.0841952  -0.72160462 -0.56290771 -0.56290771
 -1.58576925 -0.9506944  -1.06177886 -0.809438   -1.09419761 -0.68590473
 -0.56290771 -0.56290771]
[0.62244969 0.15267132 0.66010932 0.17315318 0.5996636  0.13919523
 0.05001419 0.05001419 1.08956733 0.29000091 0.54075406 0.23272729
 1.67316938 0.29061605 0.05001419 0.05001419 5.44237921 0.27591252
 1.11118529 0.25289278 3.0548763  0.19523639 0.05001419 0.05001419
 1.49729808 0.29974701 0.45315571 0.25727491 0.90377614 0.2056773
 0.05001419 0.05001419]
[21 11 23  2 18  1  3  3 30 17 24 14 27 15  3  3 32 19 28 16 31 13  3  3
 29 22 25 20 26 12  3  3]
wind_max
[
    {
        'scaler': [None, StandardScaler()],
        'poly__degree': [2],
        'regressor__C': [0.1, 1.0, 10.0, 100.0],
        'regressor__epsilon': [0.01, 0.1, 0.2, 1]
    }
]
[ -3.31667041  -2.5108928   -2.79679997  -2.5382825   -3.92494516
  -2.48009294  -2.45586303  -2.43586839  -4.6171467   -3.33245614
  -6.31638746  -3.12256079  -5.30199081  -3.13447676  -3.74363297
  -2.79645142  -9.95749388  -5.03055561  -9.95856305  -5.11937616
  -7.40176974  -4.48547357  -5.62753379  -3.60819688 -12.05847007
  -4.6243593   -9.20182863  -5.08509888 -10.00264598  -4.70620927
  -5.47232956  -4.07199115]
[ 1.73930974  0.57804456  0.82295275  0.501934    3.88091827  0.40220408
  0.44408785  0.41200609  2.66213379  0.91154741  5.83758926  0.69615808
  3.59071092  0.9669621   1.68344375  0.68574297 15.28952659  2.36562813
  8.31395545  3.58557681  5.22773803  2.23415904  3.26222371  1.20911693
 12.17040982  1.57939567  9.67968272  2.3577692   5.27331252  2.1219907
  3.53906739  1.79287451]
[10  4  7  5 14  3  2  1 17 11 26  8 23  9 13  6 29 20 30 22 27 16 25 12
 32 18 28 21 31 19 24 15]
wind_med
[
    {
        'scaler': [None, StandardScaler()],
        'poly__degree': [2],
        'regressor__C': [0.1, 1.0, 10.0, 100.0],
        'regressor__epsilon': [0.01, 0.1, 0.2, 1]
    }
]
[-2.64112184 -2.31700504 -2.60163853 -2.22835301 -2.71409331 -2.37466684
 -2.73083988 -2.23191531 -5.31143246 -2.74633367 -4.51004623 -2.52663055
 -5.45534044 -2.92287843 -3.70021276 -2.7775242  -6.9099031  -5.16388772
 -6.85317087 -3.75055958 -5.82258193 -3.77365879 -4.30442707 -3.74453496
 -6.64219088 -4.64347527 -4.36315685 -4.0548801  -8.76837257 -4.51514411
 -6.75438836 -3.18452439]
[0.71410222 0.68981934 0.85303796 0.51027235 1.63786909 0.73437863
 1.75025294 0.50809649 5.0307906  0.93723465 3.7400437  0.4813042
 4.70100269 1.47024267 2.45167896 0.92369213 4.52444108 2.86490569
 4.43321069 1.13688241 2.43034887 0.91307542 2.75111559 2.3026089
 4.74794138 1.88419462 1.99854765 1.16258429 5.62426106 2.19199709
 6.00241667 0.68067412]
[ 7  3  6  1  8  4  9  2 25 10 21  5 26 12 14 11 31 24 30 16 27 17 19 15
 28 23 20 18 32 22 29 13]
shww_max
[
    {
        'scaler': [None, StandardScaler()],
        'poly__degree': [2],
        'regressor__C': [0.1, 1.0, 10.0, 100.0],
        'regressor__epsilon': [0.01, 0.1, 0.2, 1]
    }
]
[-1.30619904 -1.00753694 -1.02339335 -1.01353165 -1.17004517 -1.00762396
 -1.14287806 -1.12115937 -1.97779417 -1.34045673 -1.43520225 -1.50540673
 -1.43355149 -1.43408596 -1.36939633 -1.53857833 -4.2690539  -1.69776609
 -2.0834743  -1.63176433 -2.08708967 -1.48984812 -2.12860362 -1.45546359
 -3.29230546 -1.52186644 -3.16193719 -1.49985134 -2.56890212 -1.44001138
 -2.92041631 -1.45081559]
[0.61068098 0.38825745 0.46630786 0.40728615 0.61220959 0.36949376
 0.33498364 0.34032715 1.25837726 0.52798881 1.24583145 0.9088196
 0.79138905 0.75665575 0.47005893 0.70269442 4.6727298  0.5680959
 1.33759723 0.69056881 1.23193362 0.53296003 1.43597412 0.52971057
 1.96078925 0.53623037 2.26135745 0.54876596 1.42857126 0.46379809
 4.71293901 0.52420952]
[ 8  1  4  3  7  2  6  5 24  9 13 19 11 12 10 21 32 23 25 22 26 17 27 16
 31 20 30 18 28 14 29 15]
shww_med
[
    {
        'scaler': [None, StandardScaler()],
        'poly__degree': [2],
        'regressor__C': [0.1, 1.0, 10.0, 100.0],
        'regressor__epsilon': [0.01, 0.1, 0.2, 1]
    }
]
[-0.92670874 -0.78481817 -0.79480351 -0.77888515 -0.89731063 -0.8106739
 -0.99845957 -0.98118495 -2.32922768 -1.14205312 -1.68639912 -1.20899508
 -0.91627104 -1.177068   -1.06843961 -1.21964476 -1.80950901 -1.39398841
 -3.21197331 -1.01771637 -1.52432159 -1.24785384 -1.26185284 -1.21539725
 -2.30801215 -1.2542433  -1.26572391 -1.17994999 -1.51552171 -1.19282991
 -1.10783908 -1.39129658]
[0.37824175 0.3605447  0.27280309 0.33825339 0.64447695 0.3107003
 0.34085161 0.28723807 2.3599304  0.73451608 1.38039118 0.75708576
 0.43959082 0.67960751 0.37645159 0.516834   1.31023664 0.66243628
 5.62096855 0.3340902  0.88141806 0.61127502 0.62363325 0.46701269
 1.60199001 0.53936424 0.51314438 0.56561052 0.80204245 0.52992415
 0.4809013  0.90024012]
[ 7  2  3  1  5  4  9  8 31 13 28 17  6 14 11 19 29 25 32 10 27 20 22 18
 30 21 23 15 26 16 12 24]
mdts_sin
[
    {
        'scaler': [None, StandardScaler()],
        'poly__degree': [2],
        'regressor__C': [0.1, 1.0, 10.0, 100.0],
        'regressor__epsilon': [0.01, 0.1, 0.2, 1]
    }
]
[-0.26301254 -0.16646524 -0.18866104 -0.13780445 -0.20480725 -0.14747934
 -0.71992315 -0.71992315 -0.47031774 -0.17666827 -0.27883067 -0.14028948
 -0.28332124 -0.1468246  -0.71992315 -0.71992315 -0.40005207 -0.21201976
 -0.25603161 -0.13139623 -0.22286552 -0.15132613 -0.71992315 -0.71992315
 -0.35811048 -0.19000523 -0.21489777 -0.1247811  -0.26652195 -0.1391637
 -0.71992315 -0.71992315]
[0.41214184 0.14975024 0.06564336 0.05322841 0.07331473 0.03685662
 0.01928188 0.01928188 0.53473146 0.08712758 0.20343417 0.05219473
 0.16590725 0.04959194 0.01928188 0.01928188 0.53529662 0.16528862
 0.15446133 0.04490641 0.10088763 0.04937914 0.01928188 0.01928188
 0.30631435 0.10099204 0.13428891 0.04385214 0.21055565 0.03577669
 0.01928188 0.01928188]
[18  9 11  3 13  7 25 25 24 10 20  5 21  6 25 25 23 14 17  2 16  8 25 25
 22 12 15  1 19  4 25 25]
mdts_cos
[
    {
        'scaler': [None, StandardScaler()],
        'poly__degree': [2],
        'regressor__C': [0.1, 1.0, 10.0, 100.0],
        'regressor__epsilon': [0.01, 0.1, 0.2, 1]
    }
]
[-0.17762361 -0.1959705  -0.23490115 -0.17112323 -0.33807379 -0.1859211
 -0.68918815 -0.68918815 -0.30100311 -0.21239965 -0.23548039 -0.15234675
 -0.20670445 -0.17829666 -0.68918815 -0.68918815 -0.30268905 -0.23976035
 -0.26593178 -0.16844923 -0.22071465 -0.17496483 -0.68918815 -0.68918815
 -0.50448867 -0.23645301 -0.32234803 -0.16357185 -0.21328187 -0.17309304
 -0.68918815 -0.68918815]
[0.08321517 0.1690995  0.13228522 0.08611576 0.27648114 0.06824554
 0.01897239 0.01897239 0.17000798 0.17030276 0.10502905 0.05161477
 0.06573947 0.06210786 0.01897239 0.01897239 0.21409467 0.14901033
 0.16052669 0.07874289 0.10378989 0.05506074 0.01897239 0.01897239
 0.3222094  0.15432901 0.36156765 0.05650943 0.09595207 0.06377598
 0.01897239 0.01897239]
[ 7 10 15  4 23  9 25 25 20 12 16  1 11  8 25 25 21 18 19  3 14  6 25 25
 24 17 22  2 13  5 25 25]
shts_max
[
    {
        'scaler': [None, StandardScaler()],
        'poly__degree': [2],
        'regressor__C': [0.1, 1.0, 10.0, 100.0],
        'regressor__epsilon': [0.01, 0.1, 0.2, 1]
    }
]
[-1.03406462 -0.69852652 -0.7927803  -0.63768611 -0.7331567  -0.67358574
 -1.02195582 -0.8195216  -2.41463691 -0.94688662 -1.36270011 -0.9720613
 -1.13293758 -0.9399686  -0.92069462 -0.87623156 -3.39875427 -1.61729497
 -1.50865654 -1.17876304 -1.37523648 -1.07240734 -1.13775587 -0.85510169
 -1.81687038 -1.04195303 -2.34029988 -1.16021307 -2.47396189 -1.0734179
 -0.95927904 -0.88641916]
[0.56034799 0.19771643 0.41326396 0.1581234  0.29435217 0.1907987
 0.73547654 0.20942992 2.00027807 0.39994584 1.14389979 0.44938128
 0.5878263  0.25318727 0.37121485 0.18481955 3.36662231 1.43691714
 0.90151603 0.52029002 1.53092429 0.32387768 0.80280878 0.20484864
 1.3584588  0.39566429 2.29815887 0.45801465 2.23228684 0.83487119
 0.35965196 0.23844717]
[16  3  5  1  4  2 15  6 30 12 24 14 20 11 10  8 32 27 26 23 25 18 21  7
 28 17 29 22 31 19 13  9]
shts_med
[
    {
        'scaler': [None, StandardScaler()],
        'poly__degree': [2],
        'regressor__C': [0.1, 1.0, 10.0, 100.0],
        'regressor__epsilon': [0.01, 0.1, 0.2, 1]
    }
]
[-0.77360053 -0.64055263 -0.83129642 -0.61661171 -0.68605362 -0.62660378
 -0.66426206 -0.74234241 -1.30614562 -0.99047592 -1.11252695 -0.82992511
 -1.80793297 -0.91725091 -0.93861539 -0.90665348 -2.77538509 -0.97679499
 -1.18768814 -0.91060061 -0.74821451 -0.93051419 -0.94219156 -0.84426067
 -2.09377413 -0.8279723  -1.93311779 -0.82571488 -1.55412605 -0.92366907
 -0.8983805  -0.83005659]
[0.58727594 0.14995187 0.5155529  0.17258996 0.3469036  0.16345207
 0.23500048 0.18112537 0.818411   0.49395582 0.74950908 0.22471358
 1.88853387 0.36453159 0.46808602 0.40522331 2.18146125 0.4611688
 0.60870591 0.47504562 0.26798883 0.44671857 0.52052688 0.25517521
 1.56490293 0.30735549 1.97630768 0.23942369 1.57706863 0.34597808
 0.44489609 0.26769054]
[ 8  3 13  1  5  2  4  6 27 24 25 11 29 18 21 16 32 23 26 17  7 20 22 14
 31 10 30  9 28 19 15 12]

*****************************************************************************
*                                                                           *
*                    JOB EFFICIENCY REPORT (seff 13086626)                   *
*                                                                           *
*****************************************************************************

Job ID: 13086626
Cluster: finisterrae3
User/Group: curso342/ulc
State: COMPLETED (exit code 0)
Nodes: 1
Cores per node: 32
CPU Utilized: 2-00:23:05
CPU Efficiency: 91.38% of 2-04:57:04 core-walltime
Job Wall-clock time: 01:39:17
Memory Utilized: 8.50 GB
Memory Efficiency: 26.56% of 32.00 GB

 +++++++++++++++++++++++++++++++++++++++++++++++++++++++++++++++++++++++++++
 ++   Memory Efficiency is too small. Please review the requested memory. ++
 ++ It seems that you do not need that much memory so we recommend        ++
 ++ requesting less memory in other similar jobs.                         ++
 +++++++++++++++++++++++++++++++++++++++++++++++++++++++++++++++++++++++++++
 
*****************************************************************************

