slurmstepd: info: Setting TMPDIR to /scratch/13085866. Previous errors about TMPDIR can be discarded
dwi_sin
[
    {
        'scaler': [None, StandardScaler()],
        'pca': [None, PCA(n_components=0.95)],
        'nystroem__n_components': [100, 150],
        'regressor__alpha': [0.0001, 0.001, 0.01, 0.1],
        'regressor__epsilon': [0.01, 0.1, 0.2, 1],
        'regressor__loss': [
            'epsilon_insensitive',
            'squared_epsilon_insensitive'
        ]
    }
]
[-0.47966154 -0.48239579 -0.4757099  -0.47672382 -0.4766749  -0.48195945
 -0.48060763 -0.48186797 -0.47426213 -0.48103413 -0.48506105 -0.48623585
 -0.71634879 -0.71634879 -0.71634879 -0.71634879 -0.47778148 -0.48238618
 -0.47598583 -0.47780182 -0.47797267 -0.48238398 -0.47866641 -0.48082494
 -0.475611   -0.47814537 -0.48783956 -0.48829443 -0.71634879 -0.71634879
 -0.71634879 -0.71634879 -0.47974059 -0.48012578 -0.48293373 -0.48359902
 -0.47764702 -0.48086841 -0.49075421 -0.48715065 -0.47952136 -0.48001875
 -0.49921384 -0.49445653 -0.71634879 -0.71634879 -0.71634879 -0.71634879
 -0.59073538 -0.53962569 -0.56525674 -0.53214001 -0.58617325 -0.53611624
 -0.57472816 -0.543099   -0.58202968 -0.53796866 -0.58702757 -0.55341589
 -0.71634879 -0.71634879 -0.71634879 -0.71634879 -0.70786329 -0.69656634
 -0.71047192 -0.67547267 -0.71166244 -0.69756869 -0.71342664 -0.68101933
 -0.71338443 -0.69748484 -0.71090915 -0.68880812 -0.71634879 -0.71634879
 -0.71634879 -0.71634879 -0.70864924 -0.69867211 -0.71221653 -0.68356374
 -0.71179758 -0.69592691 -0.71181781 -0.68199063 -0.71392793 -0.69976718
 -0.70980953 -0.68744006 -0.71634879 -0.71634879 -0.71634879 -0.71634879
 -0.70860223 -0.70156882 -0.71133774 -0.69342985 -0.71195118 -0.7044576
 -0.71108477 -0.69428136 -0.7133575  -0.7056086  -0.71475609 -0.69773736
 -0.71634879 -0.71634879 -0.71634879 -0.71634879 -0.7086377  -0.70663669
 -0.71178359 -0.70710615 -0.71197077 -0.70950621 -0.7126315  -0.71163416
 -0.71365265 -0.7120173  -0.71325035 -0.71130782 -0.71634879 -0.71634879
 -0.71634879 -0.71634879 -0.47770954 -0.47955728 -0.47084296 -0.47410993
 -0.47538443 -0.47830476 -0.47770251 -0.48003373 -0.47381077 -0.47733244
 -0.48376514 -0.48623864 -0.71634879 -0.71634879 -0.71634879 -0.71634879
 -0.47708903 -0.47924128 -0.47180962 -0.47493514 -0.47417544 -0.47942307
 -0.47724758 -0.47943245 -0.47463901 -0.47739945 -0.48544564 -0.4871503
 -0.71634879 -0.71634879 -0.71634879 -0.71634879 -0.47790639 -0.48056099
 -0.48017731 -0.47892874 -0.47818051 -0.477407   -0.48686386 -0.48456818
 -0.47686662 -0.47916111 -0.49821265 -0.49304828 -0.71634879 -0.71634879
 -0.71634879 -0.71634879 -0.58936827 -0.53659328 -0.56385309 -0.5322441
 -0.58569109 -0.53470407 -0.573452   -0.53851758 -0.58220052 -0.53471558
 -0.58662921 -0.55164018 -0.71634879 -0.71634879 -0.71634879 -0.71634879
 -0.7082262  -0.6896976  -0.71067144 -0.66281677 -0.71144106 -0.68588501
 -0.71018235 -0.66945686 -0.71338589 -0.68428494 -0.71150015 -0.67651259
 -0.71634879 -0.71634879 -0.71634879 -0.71634879 -0.70813431 -0.68836696
 -0.71163619 -0.6700314  -0.7130693  -0.68668959 -0.71103942 -0.67273293
 -0.71367289 -0.68476084 -0.71181977 -0.68000474 -0.71634879 -0.71634879
 -0.71634879 -0.71634879 -0.70843946 -0.69803477 -0.71211956 -0.68917437
 -0.71221579 -0.69687379 -0.71045312 -0.68830432 -0.71318375 -0.70214495
 -0.70988419 -0.69172566 -0.71634879 -0.71634879 -0.71634879 -0.71634879
 -0.70758932 -0.70617588 -0.70999333 -0.70806661 -0.71328826 -0.70904147
 -0.71221254 -0.70768287 -0.71355332 -0.71078093 -0.71384047 -0.70982027
 -0.71634879 -0.71634879 -0.71634879 -0.71634879]
[0.05935233 0.06782677 0.05393006 0.06025063 0.0611394  0.0677516
 0.04787677 0.05840683 0.05848373 0.06709414 0.04625291 0.05397026
 0.01232881 0.01232881 0.01232881 0.01232881 0.05988275 0.06924092
 0.05111728 0.06106425 0.06109978 0.06874318 0.04775094 0.05690866
 0.05706068 0.06698987 0.04607424 0.05349525 0.01232881 0.01232881
 0.01232881 0.01232881 0.0570814  0.06704198 0.04715814 0.05710829
 0.05413856 0.06772805 0.04595302 0.0560382  0.05314712 0.06359829
 0.04207934 0.05163814 0.01232881 0.01232881 0.01232881 0.01232881
 0.04673679 0.05424529 0.03392509 0.0446132  0.04766996 0.05332702
 0.0344319  0.04026233 0.04644988 0.04930723 0.02917841 0.03684375
 0.01232881 0.01232881 0.01232881 0.01232881 0.02741248 0.02893319
 0.02757055 0.03508599 0.03559817 0.03277944 0.02780465 0.02977246
 0.04838853 0.04453162 0.02799914 0.02769213 0.01232881 0.01232881
 0.01232881 0.01232881 0.02772055 0.02717085 0.0274864  0.02835675
 0.03379759 0.03257641 0.0259095  0.02963221 0.04939378 0.0475114
 0.02705718 0.02719097 0.01232881 0.01232881 0.01232881 0.01232881
 0.02622124 0.02712235 0.02747541 0.03099649 0.03310818 0.03260926
 0.02995217 0.02951923 0.0483721  0.04740074 0.02134856 0.02222216
 0.01232881 0.01232881 0.01232881 0.01232881 0.02704376 0.02675907
 0.02605357 0.02667183 0.03578749 0.03473438 0.03026437 0.03133625
 0.04838339 0.04885435 0.02729153 0.02419407 0.01232881 0.01232881
 0.01232881 0.01232881 0.06158788 0.06874359 0.05263499 0.06101566
 0.0603371  0.0686078  0.0489997  0.05897623 0.05954077 0.06597375
 0.04509735 0.05179839 0.01232881 0.01232881 0.01232881 0.01232881
 0.06197621 0.06818988 0.05339294 0.06130057 0.0619658  0.06883983
 0.05001754 0.05808483 0.05796718 0.06803254 0.04535877 0.05255274
 0.01232881 0.01232881 0.01232881 0.01232881 0.05660678 0.068413
 0.04762902 0.05760957 0.05754479 0.06475352 0.04508537 0.05380242
 0.05186037 0.0636536  0.0410622  0.05000639 0.01232881 0.01232881
 0.01232881 0.01232881 0.04566944 0.05469926 0.03246563 0.04173593
 0.04649976 0.05319997 0.031002   0.0436     0.04769928 0.05134569
 0.02885705 0.04046641 0.01232881 0.01232881 0.01232881 0.01232881
 0.02767694 0.02946997 0.02788945 0.03428317 0.03629186 0.03266231
 0.02573662 0.03470743 0.04717505 0.05087144 0.02516144 0.02611283
 0.01232881 0.01232881 0.01232881 0.01232881 0.02775417 0.02754746
 0.02753925 0.02724398 0.03524587 0.02985515 0.02794965 0.03087933
 0.04939466 0.0456997  0.02681186 0.0234963  0.01232881 0.01232881
 0.01232881 0.01232881 0.02785279 0.02660893 0.02684328 0.0258566
 0.03552562 0.0351667  0.02728183 0.02735676 0.04805838 0.04846603
 0.02788868 0.02587985 0.01232881 0.01232881 0.01232881 0.01232881
 0.02760211 0.02729267 0.02462028 0.02728657 0.03475611 0.03423868
 0.02786944 0.02568644 0.04753827 0.04687775 0.02511451 0.02652886
 0.01232881 0.01232881 0.01232881 0.01232881]
[ 39  54  11  14  13  51  46  50   6  49  59  61 193 193 193 193  24  53
  12  25  27  52  31  47  10  28  66  67 193 193 193 193  40  43  55  56
  21  48  68  65  37  41  72  70 193 193 193 193  96  81  86  73  92  77
  88  82  89  79  94  84 193 193 193 193 138 121 154 101 166 124 186 104
 184 123 157 114 193 193 193 193 145 127 177 106 168 120 169 105 191 128
 148 111 193 193 193 193 143 129 161 118 171 131 159 119 183 132 192 125
 193 193 193 193 144 134 167 135 172 147 178 164 188 173 181 160 193 193
 193 193  23  38   1   4   9  30  22  42   3  18  57  62 193 193 193 193
  16  34   2   8   5  35  17  36   7  19  60  64 193 193 193 193  26  45
  44  32  29  20  63  58  15  33  71  69 193 193 193 193  95  78  85  74
  91  75  87  80  90  76  93  83 193 193 193 193 141 116 155  97 162 109
 152  98 185 107 163 102 193 193 193 193 140 113 165  99 179 110 158 100
 189 108 170 103 193 193 193 193 142 126 174 115 176 122 153 112 180 130
 150 117 193 193 193 193 136 133 151 139 182 146 175 137 187 156 190 149
 193 193 193 193]
dwi_cos
[
    {
        'scaler': [None, StandardScaler()],
        'pca': [None, PCA(n_components=0.95)],
        'nystroem__n_components': [100, 150],
        'regressor__alpha': [0.0001, 0.001, 0.01, 0.1],
        'regressor__epsilon': [0.01, 0.1, 0.2, 1],
        'regressor__loss': [
            'epsilon_insensitive',
            'squared_epsilon_insensitive'
        ]
    }
]
[-0.42522067 -0.42389125 -0.4219803  -0.42344727 -0.42304476 -0.42739683
 -0.42511049 -0.42499604 -0.42305251 -0.42604457 -0.43202008 -0.42828697
 -0.56290771 -0.56290771 -0.56290771 -0.56290771 -0.42625764 -0.42374705
 -0.42389754 -0.42352373 -0.42337574 -0.42619566 -0.42626812 -0.42559076
 -0.42085323 -0.42677803 -0.43300119 -0.42891417 -0.56290771 -0.56290771
 -0.56290771 -0.56290771 -0.43999521 -0.42727765 -0.43318399 -0.42746507
 -0.43497274 -0.42728791 -0.43679064 -0.42958654 -0.43527335 -0.42792316
 -0.44474602 -0.43412353 -0.56290771 -0.56290771 -0.56290771 -0.56290771
 -0.51975609 -0.47956468 -0.50126596 -0.460747   -0.51518352 -0.47598208
 -0.50440984 -0.46702837 -0.51679895 -0.4709463  -0.51387243 -0.47476883
 -0.56290771 -0.56290771 -0.56290771 -0.56290771 -0.55723524 -0.55412265
 -0.56471961 -0.55571297 -0.55641227 -0.55279383 -0.56685558 -0.5594729
 -0.56440476 -0.5610163  -0.56796293 -0.56130503 -0.56290771 -0.56290771
 -0.56290771 -0.56290771 -0.55797083 -0.55444357 -0.56365039 -0.55353259
 -0.55715838 -0.55390635 -0.56763266 -0.56221724 -0.56403901 -0.56177755
 -0.56786612 -0.56101536 -0.56290771 -0.56290771 -0.56290771 -0.56290771
 -0.55784369 -0.55563863 -0.56454402 -0.56032209 -0.55648142 -0.55466522
 -0.56990751 -0.56220594 -0.56449837 -0.56014205 -0.56823965 -0.56520838
 -0.56290771 -0.56290771 -0.56290771 -0.56290771 -0.55805757 -0.5565083
 -0.56412605 -0.56242167 -0.55712968 -0.55616669 -0.57068364 -0.56516477
 -0.56475999 -0.5643311  -0.56828945 -0.56493475 -0.56290771 -0.56290771
 -0.56290771 -0.56290771 -0.42370795 -0.42318062 -0.42067599 -0.42112584
 -0.41936672 -0.42569189 -0.42333216 -0.42409575 -0.42010807 -0.42303386
 -0.42938234 -0.42780095 -0.56290771 -0.56290771 -0.56290771 -0.56290771
 -0.423516   -0.42471952 -0.42111073 -0.42253481 -0.4201515  -0.42389476
 -0.42544914 -0.42506266 -0.42035287 -0.42500238 -0.42968951 -0.42851727
 -0.56290771 -0.56290771 -0.56290771 -0.56290771 -0.43603729 -0.42749926
 -0.42984047 -0.42565797 -0.43072603 -0.42724412 -0.43601703 -0.42778846
 -0.43174994 -0.42651991 -0.44338056 -0.4334037  -0.56290771 -0.56290771
 -0.56290771 -0.56290771 -0.51755658 -0.47805766 -0.49914176 -0.46070494
 -0.51166914 -0.47287563 -0.50475506 -0.46505801 -0.51617852 -0.46917578
 -0.51404243 -0.47161082 -0.56290771 -0.56290771 -0.56290771 -0.56290771
 -0.55755658 -0.55331165 -0.56353008 -0.55248225 -0.55648998 -0.55208759
 -0.56817184 -0.55661425 -0.56462139 -0.55999604 -0.56696199 -0.56024629
 -0.56290771 -0.56290771 -0.56290771 -0.56290771 -0.55685292 -0.55276062
 -0.56177599 -0.5498479  -0.55752673 -0.55293047 -0.56697608 -0.55494381
 -0.56475937 -0.55921218 -0.56475057 -0.56000532 -0.56290771 -0.56290771
 -0.56290771 -0.56290771 -0.55895998 -0.55375644 -0.56275503 -0.55820284
 -0.55623199 -0.55292125 -0.56619184 -0.56127183 -0.56413    -0.56010395
 -0.56880852 -0.5638737  -0.56290771 -0.56290771 -0.56290771 -0.56290771
 -0.55763812 -0.5559161  -0.5609049  -0.56141106 -0.55735121 -0.55574078
 -0.5681264  -0.56573694 -0.56449633 -0.56328514 -0.56829372 -0.56354238
 -0.56290771 -0.56290771 -0.56290771 -0.56290771]
[0.04956831 0.04279012 0.04316909 0.03905545 0.04765668 0.04398157
 0.04269503 0.03939477 0.0466835  0.0425218  0.03983258 0.03719472
 0.05001419 0.05001419 0.05001419 0.05001419 0.04831651 0.04321961
 0.04289493 0.03856529 0.04608305 0.0430446  0.04169634 0.03967167
 0.04440159 0.04336297 0.04058074 0.03602871 0.05001419 0.05001419
 0.05001419 0.05001419 0.05458749 0.04649452 0.04259313 0.04016099
 0.05320374 0.04284666 0.04288213 0.03701573 0.05142767 0.04181168
 0.04298742 0.03637495 0.05001419 0.05001419 0.05001419 0.05001419
 0.05834423 0.05621331 0.05382895 0.04560149 0.06761536 0.05677155
 0.05485936 0.04147119 0.07639653 0.05780811 0.05112433 0.04023292
 0.05001419 0.05001419 0.05001419 0.05001419 0.0630415  0.06118224
 0.06415079 0.06329193 0.07144607 0.07117663 0.06519576 0.06545094
 0.09635973 0.09552182 0.05833707 0.06025683 0.05001419 0.05001419
 0.05001419 0.05001419 0.06170517 0.06298787 0.06690958 0.06184852
 0.07168509 0.07084539 0.06713583 0.06473686 0.09619341 0.09609166
 0.05834842 0.05927344 0.05001419 0.05001419 0.05001419 0.05001419
 0.06251258 0.06274    0.06390647 0.06481244 0.07104584 0.07140621
 0.0625411  0.06459164 0.09634726 0.09493881 0.0615356  0.059399
 0.05001419 0.05001419 0.05001419 0.05001419 0.06114759 0.06224927
 0.06266856 0.06518222 0.07118555 0.07120598 0.06294768 0.06392252
 0.09637371 0.09625859 0.06010209 0.05800818 0.05001419 0.05001419
 0.05001419 0.05001419 0.04780121 0.04386268 0.04218931 0.03855221
 0.04559532 0.04420426 0.04063628 0.0394496  0.04635567 0.04205463
 0.04097934 0.03683697 0.05001419 0.05001419 0.05001419 0.05001419
 0.04776049 0.04601245 0.04257713 0.03901543 0.04739841 0.04366409
 0.04170909 0.03843459 0.04556694 0.04241292 0.03869738 0.03624895
 0.05001419 0.05001419 0.05001419 0.05001419 0.05324128 0.04509134
 0.04333087 0.03935203 0.0497647  0.04274838 0.04280402 0.03872334
 0.0488625  0.041361   0.04221208 0.03543496 0.05001419 0.05001419
 0.05001419 0.05001419 0.05735075 0.05790409 0.0555722  0.04372825
 0.06691145 0.05552879 0.05355265 0.04197124 0.07754865 0.05627222
 0.05226326 0.04042473 0.05001419 0.05001419 0.05001419 0.05001419
 0.06169438 0.06364078 0.0633554  0.06536826 0.07075645 0.07185032
 0.0652903  0.06517747 0.09582247 0.09595471 0.06165184 0.05975353
 0.05001419 0.05001419 0.05001419 0.05001419 0.06177911 0.06348774
 0.06451667 0.0631187  0.07317777 0.0722889  0.06317865 0.06439942
 0.09600757 0.09635536 0.06037083 0.05974606 0.05001419 0.05001419
 0.05001419 0.05001419 0.06280373 0.06226892 0.06605766 0.06374763
 0.0713543  0.07066998 0.06557526 0.06573115 0.09642515 0.09555667
 0.0569549  0.05978786 0.05001419 0.05001419 0.05001419 0.05001419
 0.06210545 0.06228479 0.0641458  0.06481674 0.07285428 0.07169183
 0.06303491 0.06310909 0.09548155 0.09608965 0.05867393 0.05956083
 0.05001419 0.05001419 0.05001419 0.05001419]
[ 31  22   9  17  12  45  30  27  13  36  60  51 156 156 156 156  38  21
  24  19  16  37  39  33   6  41  61  53 156 156 156 156  70  43  62  46
  65  44  69  55  66  50  72  64 156 156 156 156  96  84  86  74  92  82
  87  76  94  78  90  81 156 156 156 156 126 108 234 113 118 101 243 137
 229 146 248 148 156 156 156 156 132 109 223 105 125 107 246 153 225 151
 247 145 156 156 156 156 131 112 232 143 119 110 255 152 231 141 251 240
 156 156 156 156 133 121 226 154 124 116 256 239 237 228 252 238 156 156
 156 156  20  14   5   8   1  35  15  25   2  11  54  49 156 156 156 156
  18  26   7  10   3  23  32  29   4  28  56  52 156 156 156 156  68  47
  57  34  58  42  67  48  59  40  71  63 156 156 156 156  95  83  85  73
  89  80  88  75  93  77  91  79 156 156 156 156 129 104 221  99 120  98
 250 122 233 138 244 142 156 156 156 156 123 100 150  97 128 103 245 111
 236 136 235 139 156 156 156 156 135 106 155 134 117 102 242 147 227 140
 254 224 156 156 156 156 130 115 144 149 127 114 249 241 230 220 253 222
 156 156 156 156]
wind_max
[
    {
        'scaler': [None, StandardScaler()],
        'pca': [None, PCA(n_components=0.95)],
        'nystroem__n_components': [100, 150],
        'regressor__alpha': [0.0001, 0.001, 0.01, 0.1],
        'regressor__epsilon': [0.01, 0.1, 0.2, 1],
        'regressor__loss': [
            'epsilon_insensitive',
            'squared_epsilon_insensitive'
        ]
    }
]
[-2.54243797 -2.7371006  -2.30962551 -2.48469796 -2.55070836 -2.71605175
 -2.34973002 -2.4685961  -2.54835255 -2.74530166 -2.34493401 -2.44488608
 -2.58608864 -2.73640398 -2.37639225 -2.54405058 -2.59857231 -2.75409951
 -2.34816597 -2.51531711 -2.5748522  -2.73963184 -2.33078916 -2.48751072
 -2.58559543 -2.75789696 -2.3407104  -2.46795876 -2.58744141 -2.74444135
 -2.37679087 -2.53340107 -2.77419021 -2.97501716 -2.42519422 -2.60785488
 -2.75798101 -2.98030484 -2.42393016 -2.63038843 -2.76634176 -2.97710428
 -2.43541188 -2.61785204 -2.81844971 -3.01226012 -2.4621331  -2.66080788
 -3.62374782 -3.83224476 -2.81794295 -3.06674197 -3.62006125 -3.82406634
 -2.82478633 -3.06962946 -3.61320584 -3.81075638 -2.83271785 -3.07007462
 -3.5808212  -3.74891375 -2.93920708 -3.18571547 -4.04172211 -4.03934315
 -3.94304138 -3.8535912  -4.02057409 -4.0194532  -3.94132051 -3.83366544
 -4.00092622 -3.99880791 -3.94813357 -3.84363144 -3.92741866 -3.92518455
 -3.96581058 -3.87685296 -4.0416937  -4.04042915 -3.94942844 -3.86973594
 -4.02133023 -4.01966017 -3.95385726 -3.86867289 -4.00081276 -3.99924443
 -3.9533791  -3.854574   -3.92709904 -3.925187   -3.9697145  -3.88565672
 -4.0411829  -4.04149677 -3.97410644 -3.92946994 -4.02107199 -4.01941334
 -3.96611873 -3.93506369 -4.00086499 -4.0007627  -3.96883044 -3.94176401
 -3.92752781 -3.92582805 -3.97798065 -3.95735155 -4.0417418  -4.0415179
 -3.98038278 -3.97010817 -4.02201536 -4.0217866  -3.97933167 -3.96393838
 -4.00124864 -4.00038464 -3.97199842 -3.98010938 -3.92744343 -3.92743768
 -3.9926204  -3.97461222 -2.53367667 -2.70938106 -2.32146267 -2.47481059
 -2.5302153  -2.69837021 -2.3369346  -2.44081508 -2.53468752 -2.69263937
 -2.32941754 -2.45541533 -2.56255666 -2.72512642 -2.33249808 -2.47296956
 -2.56262068 -2.7355395  -2.34742067 -2.44326058 -2.56789387 -2.72111937
 -2.33470105 -2.47292025 -2.56537585 -2.73035165 -2.33358975 -2.46219933
 -2.57572447 -2.73863229 -2.37448813 -2.4757329  -2.76666402 -2.96443415
 -2.4065018  -2.57587245 -2.7593246  -2.96121266 -2.40991982 -2.59350101
 -2.76207688 -2.96380913 -2.42398302 -2.5763492  -2.80745246 -3.0031414
 -2.46708054 -2.64540613 -3.62083555 -3.82848509 -2.79427136 -3.05235037
 -3.61646964 -3.81964702 -2.81945661 -3.05977951 -3.61219756 -3.80708931
 -2.82086206 -3.06741686 -3.57445907 -3.7465253  -2.93501308 -3.1864923
 -4.04199963 -4.03927963 -3.90017164 -3.76753001 -4.02194567 -4.01882364
 -3.90330394 -3.75975287 -4.00056128 -3.99804639 -3.90206766 -3.76099322
 -3.9272701  -3.92524468 -3.92934763 -3.78977458 -4.04141433 -4.0372467
 -3.92569712 -3.80719568 -4.02081656 -4.01887591 -3.93277058 -3.81874745
 -4.00034834 -3.99773085 -3.93696785 -3.80332459 -3.9270028  -3.92310473
 -3.95281076 -3.84975954 -4.04198878 -4.03884285 -3.96709446 -3.9179627
 -4.02093599 -4.01958245 -3.96295142 -3.92260438 -4.00079789 -3.99882037
 -3.97426657 -3.91549414 -3.92672597 -3.92463923 -3.97880728 -3.94058241
 -4.04183843 -4.04118686 -3.9866536  -3.96022831 -4.0209296  -4.02004656
 -3.9800235  -3.97806636 -4.00191178 -4.00011423 -3.98052494 -3.98206071
 -3.92757159 -3.92705648 -3.99342708 -3.98409448]
[0.79571796 0.7988218  0.4055215  0.45210361 0.81973172 0.76684988
 0.44966804 0.45127934 0.8162792  0.82683157 0.42598911 0.43808098
 0.85313467 0.79165701 0.47209532 0.52864162 0.87900857 0.82081186
 0.45463637 0.50724178 0.86417365 0.80211347 0.45522253 0.49024686
 0.88154747 0.82455315 0.48098769 0.46873959 0.87200734 0.79087095
 0.49354898 0.50503349 0.99556234 0.91437971 0.60527091 0.61593517
 1.00108934 0.9158193  0.58547744 0.6348704  1.00118005 0.91184068
 0.59052513 0.62701644 1.01104792 0.95617936 0.59786384 0.62239994
 1.17696737 1.16789195 0.87722309 0.82005438 1.18071539 1.17216004
 0.87778289 0.81548813 1.18235848 1.1627098  0.87753447 0.80083895
 1.12539667 0.99091889 0.85509349 0.79219783 1.22843077 1.22827256
 0.98034547 0.98990624 1.20895455 1.21041063 0.97724881 0.95256233
 1.19076854 1.19244095 0.96837987 0.95431105 1.00755849 1.01106713
 0.92506636 0.90809003 1.22704036 1.22975303 0.98714736 0.97212287
 1.21015556 1.21125158 0.97568596 0.95923783 1.1891532  1.18978413
 0.9737639  0.95753298 1.00707785 1.0077155  0.92646968 0.9153259
 1.22705806 1.22896336 0.98362843 0.97330074 1.20973569 1.20943957
 0.96064832 0.96148528 1.18917869 1.1926267  0.96930216 0.96944774
 1.00690431 1.00775742 0.92642295 0.92166699 1.22777935 1.22886571
 0.98997359 0.98204986 1.21016808 1.21209058 0.96651326 0.98463068
 1.18954551 1.19022224 0.9601465  0.95109203 1.00662843 1.00751168
 0.92986082 0.92868166 0.81730979 0.76318007 0.43868735 0.47225411
 0.80213631 0.74000275 0.43800708 0.43633643 0.80616554 0.74729676
 0.45259938 0.47594787 0.8447415  0.77875035 0.43809363 0.45223043
 0.86046612 0.80356885 0.48659627 0.43681453 0.85363819 0.79604102
 0.45624769 0.47692921 0.85349284 0.79658727 0.45579076 0.46883487
 0.86279633 0.80915465 0.499743   0.45663891 1.00993072 0.90782697
 0.58632382 0.5833194  0.99714368 0.90714719 0.58510555 0.58902133
 0.99838099 0.9199893  0.61000211 0.58379963 1.00600669 0.94922529
 0.6066935  0.59925196 1.17782789 1.17317382 0.86989949 0.80190742
 1.17944114 1.16646088 0.8753868  0.80657874 1.18326948 1.16188272
 0.86334352 0.79714275 1.12520774 0.9896108  0.84245407 0.79150969
 1.22769754 1.22984068 0.986601   0.95552533 1.21064638 1.21165871
 0.97766455 0.96688373 1.18961813 1.19220152 0.96598311 0.96431773
 1.00859082 1.01233422 0.9175577  0.92164918 1.22863662 1.22845826
 0.97343561 0.9852562  1.21007044 1.21257903 0.97402884 0.95597063
 1.18963345 1.19228466 0.97041844 0.94051195 1.00718302 1.00899624
 0.92883448 0.92077665 1.22832529 1.22839254 0.97950208 0.98529408
 1.21023464 1.21143125 0.97081297 0.95967006 1.1899939  1.1911798
 0.97084684 0.97676398 1.0072329  1.01154345 0.92569674 0.9176403
 1.22746734 1.22853502 0.98310742 0.9683477  1.20899521 1.2096337
 0.97822419 0.98127696 1.19101051 1.18895235 0.97376434 0.96569173
 1.00715308 1.00815624 0.92401871 0.92030987]
[ 43  74   1  36  46  68  13  31  45  78  10  25  56  73  15  44  59  79
  12  38  51  76   4  37  55  80   9  30  57  77  16  40  86 100  21  60
  81 102  19  62  84 101  22  61  90 104  27  64 120 135  89 107 118 133
  93 109 116 130  94 110 114 122  96 111 252 244 176 139 232 228 174 136
 222 211 177 137 163 153 186 143 251 245 178 142 237 230 181 141 220 213
 180 140 161 154 190 144 246 249 193 169 236 227 187 171 221 218 189 175
 166 157 196 182 253 250 202 191 240 238 199 185 223 216 192 201 165 164
 207 195  41  67   2  34  39  66   8  23  42  65   3  26  47  70   5  33
  48  72  11  24  50  69   7  32  49  71   6  28  52  75  14  35  85  99
  17  53  82  97  18  58  83  98  20  54  88 103  29  63 119 134  87 105
 117 132  91 106 115 128  92 108 113 121  95 112 256 243 145 125 239 225
 147 123 217 210 146 124 162 155 168 126 248 241 156 129 233 226 170 131
 215 209 172 127 159 151 179 138 255 242 188 149 235 229 184 150 219 212
 194 148 158 152 198 173 254 247 206 183 234 231 200 197 224 214 203 204
 167 160 208 205]
wind_med
[
    {
        'scaler': [None, StandardScaler()],
        'pca': [None, PCA(n_components=0.95)],
        'nystroem__n_components': [100, 150],
        'regressor__alpha': [0.0001, 0.001, 0.01, 0.1],
        'regressor__epsilon': [0.01, 0.1, 0.2, 1],
        'regressor__loss': [
            'epsilon_insensitive',
            'squared_epsilon_insensitive'
        ]
    }
]
[-2.28595476 -2.40809907 -2.06806829 -2.13631152 -2.29535275 -2.38837347
 -2.07405789 -2.17373067 -2.29211984 -2.38741122 -2.07851418 -2.18988076
 -2.27977063 -2.40755927 -2.09843337 -2.18064854 -2.30331674 -2.41529952
 -2.06434817 -2.1626517  -2.32032871 -2.4172236  -2.04845903 -2.14959656
 -2.31290001 -2.41696633 -2.04297688 -2.16873745 -2.29375549 -2.40676019
 -2.11525423 -2.1955319  -2.4340271  -2.58923363 -2.12469142 -2.27361046
 -2.44263827 -2.56996081 -2.13169672 -2.26734568 -2.43328668 -2.57871142
 -2.13680431 -2.2749634  -2.46362092 -2.63134097 -2.18777974 -2.34716486
 -3.15854235 -3.31673547 -2.46689829 -2.66825084 -3.16154324 -3.32047633
 -2.47749478 -2.68487349 -3.16152566 -3.32769968 -2.48770959 -2.69906372
 -3.14369306 -3.32884614 -2.62445617 -2.81271726 -3.51420314 -3.51141834
 -3.48027161 -3.37913172 -3.52867128 -3.5259941  -3.49907203 -3.39917545
 -3.54578344 -3.5436555  -3.48999616 -3.40812756 -3.53826077 -3.53626485
 -3.52725307 -3.41778613 -3.51487383 -3.51168806 -3.50089923 -3.42131786
 -3.52840625 -3.52572383 -3.50363625 -3.40502385 -3.54631142 -3.54207421
 -3.50414842 -3.42601245 -3.53869964 -3.53587949 -3.53199373 -3.46535828
 -3.51349471 -3.51209794 -3.51787899 -3.48542494 -3.52782853 -3.52569681
 -3.52221596 -3.48572659 -3.54600583 -3.54338984 -3.5157583  -3.49175348
 -3.54066675 -3.53708615 -3.54880031 -3.51630071 -3.51353057 -3.51395841
 -3.52741033 -3.52804148 -3.52714487 -3.52729143 -3.52751183 -3.52205697
 -3.5467751  -3.54559747 -3.52086482 -3.519318   -3.53946575 -3.53838527
 -3.55496565 -3.54201428 -2.28174223 -2.3756618  -2.04808568 -2.13104679
 -2.27381988 -2.37186902 -2.0538986  -2.12964646 -2.28199126 -2.36764943
 -2.05317067 -2.1239533  -2.28796075 -2.39223029 -2.10773666 -2.15638176
 -2.29187149 -2.41288315 -2.05220218 -2.14937531 -2.30419309 -2.40552089
 -2.04124088 -2.1363952  -2.28704414 -2.39315245 -2.05105055 -2.11941557
 -2.28185707 -2.39917171 -2.08847541 -2.20774033 -2.42708825 -2.56416013
 -2.12121151 -2.25033784 -2.42589543 -2.56228262 -2.12600263 -2.2576665
 -2.44485615 -2.56425715 -2.12172951 -2.2458475  -2.44578382 -2.61037249
 -2.1864242  -2.31375562 -3.15780945 -3.31647465 -2.45941988 -2.65964378
 -3.16068523 -3.31471895 -2.46984217 -2.66750237 -3.1575625  -3.32115751
 -2.48162689 -2.68476889 -3.14076963 -3.32363954 -2.60950673 -2.80578547
 -3.51286606 -3.50900972 -3.45335327 -3.34278381 -3.52752941 -3.52223147
 -3.46193391 -3.36037329 -3.54573542 -3.53861636 -3.46463698 -3.34170216
 -3.53934236 -3.53281033 -3.50473422 -3.38963939 -3.51469368 -3.51109208
 -3.47762453 -3.3729596  -3.52856051 -3.52211862 -3.4804674  -3.35648098
 -3.54600847 -3.54328534 -3.49039515 -3.37278483 -3.53816586 -3.53311139
 -3.51676451 -3.42626188 -3.51372365 -3.51143443 -3.51210651 -3.47233179
 -3.52732676 -3.52559653 -3.50791878 -3.46736212 -3.54598494 -3.54252706
 -3.51381607 -3.47753875 -3.53824126 -3.53532151 -3.53979181 -3.51236643
 -3.514797   -3.51289336 -3.52876778 -3.50988909 -3.52961535 -3.52743531
 -3.51269153 -3.52760803 -3.5463681  -3.54509312 -3.53586479 -3.52000394
 -3.5394362  -3.53961577 -3.55205089 -3.55876099]
[0.8159316  0.79999258 0.48374842 0.44660305 0.84116316 0.7706066
 0.45078005 0.46470897 0.81303924 0.75852449 0.47622461 0.45359974
 0.80815018 0.78029682 0.4840104  0.4152795  0.82469144 0.79233615
 0.49295718 0.46376864 0.85461805 0.80446352 0.48479373 0.46745487
 0.84309401 0.81041584 0.44631002 0.45878375 0.81401849 0.74133841
 0.49538924 0.45823125 0.93593141 0.91500597 0.56631417 0.58165559
 0.93182743 0.87856671 0.56150038 0.54769826 0.92913977 0.89289309
 0.55780283 0.55311288 0.94347664 0.87322229 0.55513715 0.57115894
 1.14154323 1.0347832  0.81577127 0.72222905 1.14174584 1.04061647
 0.81032722 0.7288229  1.13892212 1.05233948 0.80792472 0.73255556
 1.12368383 1.05916393 0.7723699  0.69831117 1.0503782  1.051874
 0.9058964  0.88342258 1.07016721 1.07146722 0.90665093 0.8804664
 1.08878722 1.08892436 0.90209948 0.88237286 1.10137374 1.10565195
 0.83866409 0.83896463 1.0524188  1.05275539 0.90741006 0.91657987
 1.06939998 1.06995    0.91330237 0.89910828 1.08625787 1.0880831
 0.89738091 0.88488351 1.10236789 1.10388613 0.84760168 0.85336996
 1.05038907 1.05120737 0.90508826 0.91472584 1.0681514  1.06750665
 0.89430176 0.90082773 1.08906418 1.089386   0.89332098 0.89127423
 1.10424818 1.10338306 0.85000903 0.83618904 1.0500374  1.05171359
 0.92014421 0.90461217 1.06802691 1.0692685  0.90567704 0.90054473
 1.08688041 1.08711356 0.91249301 0.90452298 1.1024634  1.10294097
 0.84378152 0.84958675 0.83633595 0.76304663 0.47716652 0.4536942
 0.80793575 0.76363941 0.4759202  0.45261586 0.82307489 0.74237598
 0.45438885 0.42804351 0.82121599 0.75154827 0.46980561 0.44715283
 0.82600121 0.8146187  0.46833762 0.4428751  0.82013999 0.78757944
 0.46677308 0.43404134 0.81904936 0.78099072 0.46094246 0.4461043
 0.80478112 0.77235364 0.47554357 0.48777824 0.92440776 0.87849912
 0.56661648 0.54904087 0.9198835  0.87343707 0.55908796 0.54398433
 0.93634663 0.8741192  0.55841083 0.52877625 0.9172651  0.86255495
 0.55948415 0.5508298  1.14070024 1.03507964 0.80845119 0.72637938
 1.14348237 1.03719812 0.80668161 0.71899463 1.14068568 1.04770598
 0.78892152 0.73482802 1.12522566 1.05052995 0.76926108 0.69502965
 1.05023972 1.05395871 0.91784963 0.88438187 1.06886314 1.07156231
 0.90588136 0.88987412 1.08885011 1.090283   0.90604372 0.87630203
 1.1049512  1.10488749 0.85186139 0.8361989  1.05207858 1.05399915
 0.91178695 0.90942709 1.07034721 1.07038482 0.90554566 0.89439835
 1.08648094 1.09078313 0.89951763 0.8913953  1.10233906 1.1056165
 0.84471104 0.85434861 1.05136616 1.05199578 0.91303197 0.91122982
 1.06843125 1.06868375 0.90377627 0.90122866 1.08908455 1.0891095
 0.89666224 0.906175   1.10285761 1.10481076 0.85245036 0.84284948
 1.05077469 1.05076711 0.89548128 0.91307517 1.06842673 1.06854197
 0.89738291 0.901471   1.08742396 1.08808066 0.91059028 0.89343811
 1.1034475  1.10364265 0.84498916 0.85157438]
[ 52  76  10  26  58  69  11  34  56  68  12  38  48  75  14  35  59  78
   9  32  63  80   4  30  61  79   2  33  57  74  16  39  84 100  21  45
  85  98  25  44  83  99  28  47  89 104  37  64 117 123  90 107 120 124
  92 109 119 127  94 110 114 128 103 112 182 168 152 135 214 200 159 137
 246 242 156 139 227 223 202 140 185 170 160 141 212 199 161 138 250 238
 162 142 230 222 217 147 177 171 189 154 210 198 195 155 248 241 186 158
 236 224 253 187 178 181 205 211 201 203 207 193 252 244 192 190 233 228
 255 237  49  67   3  24  46  66   8  23  51  65   7  20  54  70  15  31
  55  77   6  29  60  73   1  27  53  71   5  17  50  72  13  40  82  96
  18  42  81  95  22  43  86  97  19  41  87 102  36  62 116 122  88 105
 118 121  91 106 115 125  93 108 113 126 101 111 175 165 144 130 208 196
 145 132 245 229 146 129 231 218 163 136 183 167 151 134 213 194 153 131
 249 240 157 133 225 219 188 143 179 169 172 149 204 197 164 148 247 239
 180 150 226 220 235 173 184 176 215 166 216 206 174 209 251 243 221 191
 232 234 254 256]
shww_max
[
    {
        'scaler': [None, StandardScaler()],
        'pca': [None, PCA(n_components=0.95)],
        'nystroem__n_components': [100, 150],
        'regressor__alpha': [0.0001, 0.001, 0.01, 0.1],
        'regressor__epsilon': [0.01, 0.1, 0.2, 1],
        'regressor__loss': [
            'epsilon_insensitive',
            'squared_epsilon_insensitive'
        ]
    }
]
[-1.18147169 -1.18462198 -1.03170197 -1.0484185  -1.17687155 -1.18758702
 -1.01729969 -1.0734801  -1.1692092  -1.19017062 -1.07708797 -1.06354219
 -1.26764618 -1.2745402  -1.14702004 -1.22347659 -1.17761404 -1.17706054
 -1.05334617 -1.04353486 -1.18510818 -1.18343612 -1.05374799 -1.07796824
 -1.17424255 -1.17810734 -1.06612611 -1.06695799 -1.28417519 -1.27966511
 -1.1877286  -1.21644428 -1.24413207 -1.23340963 -1.07687654 -1.13117135
 -1.23432273 -1.22855982 -1.10316828 -1.11043534 -1.23397133 -1.22722786
 -1.10135434 -1.1261528  -1.3620798  -1.35212054 -1.29300038 -1.33438231
 -1.46961903 -1.47653515 -1.25416754 -1.2735185  -1.45724904 -1.47784928
 -1.27031212 -1.29448024 -1.44692909 -1.48414186 -1.28616331 -1.30668144
 -1.53863334 -1.54318744 -1.56263318 -1.56257408 -1.67857662 -1.67732804
 -1.62602117 -1.60744233 -1.66487723 -1.66073538 -1.63566344 -1.60898269
 -1.64826437 -1.64427523 -1.64529924 -1.61859653 -1.60352822 -1.60289214
 -1.79285625 -1.78675776 -1.68176747 -1.67078997 -1.62856669 -1.59953565
 -1.66500152 -1.65642251 -1.63214498 -1.61274245 -1.65132255 -1.64260543
 -1.64123052 -1.62683012 -1.60346018 -1.60301463 -1.79085622 -1.78266528
 -1.68372424 -1.67974622 -1.62605534 -1.62318517 -1.65988451 -1.66163665
 -1.63355241 -1.6337329  -1.65236622 -1.64960442 -1.64660976 -1.63299569
 -1.60356009 -1.60308434 -1.79112604 -1.7835858  -1.6812541  -1.67772413
 -1.62972342 -1.6285109  -1.66248526 -1.66318554 -1.63334845 -1.63415652
 -1.65015605 -1.6515105  -1.6411065  -1.64629434 -1.60357733 -1.60342132
 -1.78895888 -1.78832396 -1.16990795 -1.17510983 -1.02918241 -1.03113669
 -1.16516829 -1.17171903 -1.02638181 -1.01526033 -1.16765218 -1.16712103
 -1.04441799 -1.06116273 -1.26782272 -1.26261237 -1.14332396 -1.20982597
 -1.17396292 -1.17817911 -1.035181   -1.02108935 -1.16332906 -1.17689266
 -1.04051613 -1.0257151  -1.167538   -1.17676297 -1.04570879 -1.02104607
 -1.28054312 -1.26682916 -1.15812067 -1.19628491 -1.23465555 -1.22555231
 -1.08439439 -1.0888907  -1.22986932 -1.22091711 -1.08039876 -1.11985429
 -1.22514837 -1.2245981  -1.09222705 -1.11557631 -1.356872   -1.34822745
 -1.29550958 -1.31832604 -1.46898536 -1.47580205 -1.25458893 -1.27621877
 -1.45519784 -1.47659112 -1.25992965 -1.28573234 -1.44637519 -1.4809001
 -1.27776908 -1.30780253 -1.5388018  -1.5417334  -1.55586524 -1.55752451
 -1.68010133 -1.66918409 -1.62297817 -1.57908361 -1.66335884 -1.65518563
 -1.62611516 -1.60228619 -1.64958774 -1.6426625  -1.64185078 -1.60271312
 -1.60348999 -1.60312728 -1.79014479 -1.78330776 -1.67967526 -1.66616311
 -1.62184111 -1.59562069 -1.66308064 -1.65011843 -1.62914828 -1.60084408
 -1.64761382 -1.6452312  -1.64169595 -1.61267675 -1.60338088 -1.60311103
 -1.79283383 -1.78390861 -1.67826719 -1.67353689 -1.62492717 -1.61720178
 -1.66076155 -1.65811835 -1.62939551 -1.62310959 -1.64885472 -1.64431495
 -1.64682888 -1.62804316 -1.60353226 -1.60301635 -1.78309417 -1.79225189
 -1.68098412 -1.67755629 -1.63664829 -1.63098776 -1.66236708 -1.66083207
 -1.63923438 -1.63039727 -1.649604   -1.65017099 -1.64087566 -1.64508588
 -1.60344974 -1.60344237 -1.78047666 -1.78333009]
[0.71502111 0.70612062 0.45657463 0.43092381 0.70951704 0.69512216
 0.43705982 0.4621583  0.69618108 0.70496828 0.46032475 0.44500389
 0.62845662 0.62454968 0.40948988 0.43350035 0.72269159 0.68725004
 0.47403361 0.4748709  0.71808271 0.69855199 0.46572605 0.46016369
 0.71473764 0.68010387 0.47229942 0.45322025 0.63530114 0.62744078
 0.43893842 0.4044918  0.76939824 0.75303452 0.52767897 0.53724732
 0.76239068 0.73457496 0.53849489 0.50650272 0.75898743 0.73495091
 0.52289657 0.52105794 0.64102157 0.63044431 0.41740923 0.43789395
 0.86635986 0.8504346  0.67486753 0.63770616 0.86037899 0.84334528
 0.65616327 0.63565368 0.85495069 0.84702718 0.65706908 0.6234117
 0.69737346 0.69261371 0.48566516 0.48235149 0.90734465 0.90877044
 0.7112965  0.69811628 0.90226798 0.90003377 0.69932329 0.68750649
 0.88889005 0.88575037 0.67535182 0.67066437 0.71317719 0.71320428
 0.51804214 0.51526634 0.90999886 0.90626903 0.71063527 0.7053383
 0.90038583 0.89830268 0.69709938 0.68774191 0.8898642  0.88745796
 0.67377519 0.66962948 0.71288633 0.71312551 0.51182119 0.51530698
 0.91109243 0.91121803 0.71596743 0.69978526 0.89953172 0.90277785
 0.6970289  0.68837238 0.88961339 0.89190963 0.66922937 0.67322194
 0.71287718 0.7131355  0.51557478 0.51585942 0.90751716 0.90649212
 0.71169497 0.71300065 0.90022483 0.90191436 0.69445544 0.69434964
 0.88844137 0.89168531 0.6794648  0.67543436 0.71287315 0.71292751
 0.51662796 0.51198101 0.71948018 0.69080819 0.47025775 0.44878696
 0.70766716 0.69605007 0.44693982 0.44296497 0.71966782 0.68623648
 0.46174933 0.44375486 0.64010488 0.62172873 0.40329899 0.41789593
 0.7152523  0.69519453 0.48085801 0.44252638 0.70767706 0.691552
 0.47604519 0.4438934  0.71025498 0.69411201 0.45308598 0.44908538
 0.64125293 0.61513613 0.3951495  0.39189909 0.7677896  0.73517695
 0.53011234 0.51417379 0.75903948 0.73578661 0.51618049 0.52365001
 0.75587177 0.72888859 0.52970578 0.51341632 0.63834059 0.62770619
 0.41501351 0.4413035  0.86503906 0.84741048 0.66728273 0.63726006
 0.86014833 0.84565099 0.65708381 0.63127535 0.85468829 0.84202248
 0.65467145 0.61822676 0.69636469 0.69420584 0.47881482 0.48693791
 0.90568124 0.90399046 0.71241797 0.70354077 0.89852591 0.8975429
 0.70131809 0.68541342 0.88931509 0.88866722 0.67321116 0.66924966
 0.71300527 0.71313794 0.51365683 0.51374142 0.90664092 0.90523434
 0.71290214 0.69938185 0.89935289 0.8968133  0.6950546  0.68579726
 0.88877323 0.89084414 0.6747049  0.67046961 0.71307148 0.71298542
 0.51547026 0.51082169 0.90523546 0.90493926 0.7133104  0.70655534
 0.8987939  0.89832226 0.693533   0.69111807 0.88849764 0.89089835
 0.6692855  0.67840672 0.71281846 0.71308693 0.51893585 0.51470627
 0.90758489 0.90658971 0.70961444 0.70896828 0.89788816 0.89901729
 0.6950982  0.70650318 0.88989237 0.89123428 0.68226829 0.68669622
 0.71306707 0.7127221  0.52137978 0.52019269]
[ 58  60   9  15  52  62   2  22  45  64  24  19  86  90  38  69  55  54
  16  12  61  59  17  25  49  56  20  21  95  93  63  67  80  76  23  36
  78  74  31  32  77  73  30  35 108 106  98 104 114 116  81  89 112 118
  88  99 110 120  97 101 121 124 128 127 233 229 162 151 223 214 180 152
 199 190 194 156 147 135 256 248 239 227 168 131 224 211 174 154 207 188
 185 165 145 136 252 242 240 235 163 160 213 217 177 178 209 203 196 175
 149 138 253 246 238 231 171 167 219 221 176 179 205 208 184 195 150 142
 250 249  46  50   7   8  41  47   6   1  44  42  13  18  87  84  37  66
  48  57  10   4  40  53  11   5  43  51  14   3  94  85  39  65  79  72
  27  28  75  68  26  34  71  70  29  33 107 105 100 103 113 115  82  91
 111 117  83  96 109 119  92 102 122 123 125 126 236 226 158 129 222 210
 164 133 201 189 187 134 146 140 251 244 234 225 157 130 220 204 169 132
 198 193 186 153 141 139 255 247 232 228 161 155 215 212 170 159 200 191
 197 166 148 137 243 254 237 230 181 173 218 216 182 172 202 206 183 192
 144 143 241 245]
shww_med
[
    {
        'scaler': [None, StandardScaler()],
        'pca': [None, PCA(n_components=0.95)],
        'nystroem__n_components': [100, 150],
        'regressor__alpha': [0.0001, 0.001, 0.01, 0.1],
        'regressor__epsilon': [0.01, 0.1, 0.2, 1],
        'regressor__loss': [
            'epsilon_insensitive',
            'squared_epsilon_insensitive'
        ]
    }
]
[-0.92518656 -0.93057349 -0.84143591 -0.82619316 -0.92559553 -0.9168481
 -0.84833207 -0.82026672 -0.93693259 -0.93054632 -0.83612995 -0.87967331
 -1.14572342 -1.11206454 -1.00510633 -1.04074885 -0.93538723 -0.93084748
 -0.83154847 -0.81683408 -0.92469499 -0.92620403 -0.83933859 -0.84118889
 -0.93060846 -0.91797756 -0.84703698 -0.84211448 -1.13902571 -1.1243829
 -1.0401797  -1.07283784 -0.99527547 -0.96860976 -0.85421537 -0.87948076
 -0.97254016 -0.97071845 -0.86970556 -0.8773178  -0.97496211 -0.96507346
 -0.88887417 -0.89296262 -1.18694841 -1.17409328 -1.17010033 -1.18723226
 -1.13852634 -1.15154871 -0.99062432 -1.00763543 -1.1294861  -1.14587328
 -1.00861882 -1.02890866 -1.12378021 -1.14605185 -1.04577977 -1.05000443
 -1.28856652 -1.28706478 -1.37510764 -1.36786393 -1.31469543 -1.30592081
 -1.28035445 -1.27209828 -1.31574452 -1.31303486 -1.29337401 -1.27959964
 -1.29233886 -1.28934849 -1.30613756 -1.2875778  -1.33500464 -1.33441088
 -1.50545519 -1.49723909 -1.31316411 -1.30995154 -1.28796787 -1.26219846
 -1.31964621 -1.31439546 -1.28132339 -1.28205203 -1.29296355 -1.28979048
 -1.30741108 -1.28458353 -1.33520038 -1.33488202 -1.50619415 -1.50363492
 -1.31170572 -1.3075015  -1.28162651 -1.27715407 -1.31846207 -1.31656417
 -1.29573481 -1.28323186 -1.29307084 -1.2901606  -1.29601757 -1.30431464
 -1.33523623 -1.33454329 -1.49711207 -1.50852452 -1.31016934 -1.3114115
 -1.28168014 -1.28224259 -1.32094906 -1.31823739 -1.28799288 -1.28697378
 -1.29413469 -1.29356572 -1.30618553 -1.30358184 -1.33514897 -1.33488491
 -1.50836631 -1.49991675 -0.93033796 -0.91200119 -0.78282821 -0.816595
 -0.91214913 -0.90643019 -0.7961489  -0.81375713 -0.91233808 -0.91542341
 -0.82292744 -0.80018747 -1.13153224 -1.10659092 -0.99019152 -1.04099637
 -0.91897882 -0.91405659 -0.80754946 -0.80463859 -0.91476697 -0.91406562
 -0.83454671 -0.83693184 -0.92462998 -0.91892244 -0.83682251 -0.82202685
 -1.1402441  -1.11695284 -1.01781363 -1.05629349 -0.9689572  -0.95539858
 -0.85168757 -0.85821005 -0.96777491 -0.95789395 -0.85172372 -0.87597619
 -0.96511932 -0.9613028  -0.86997468 -0.87545633 -1.1808258  -1.17183405
 -1.16891674 -1.17686435 -1.13660877 -1.14906361 -0.98492587 -1.00758266
 -1.12756193 -1.14585294 -1.0145512  -1.01979168 -1.12272218 -1.14320032
 -1.03165192 -1.04665561 -1.28652483 -1.28534613 -1.36738494 -1.35980637
 -1.31118508 -1.30495513 -1.28208129 -1.25971478 -1.31782993 -1.30781906
 -1.29285563 -1.26985437 -1.29285541 -1.28771435 -1.30327389 -1.28276972
 -1.33510228 -1.33444892 -1.50123537 -1.50713328 -1.30882827 -1.30714952
 -1.27879531 -1.25514983 -1.31595653 -1.30809073 -1.28527712 -1.26849891
 -1.29177643 -1.28849847 -1.3022454  -1.28383229 -1.3351027  -1.33424297
 -1.50860594 -1.49873142 -1.31064407 -1.30884038 -1.27828118 -1.26691688
 -1.3179519  -1.31383142 -1.29008271 -1.28127746 -1.29257414 -1.28684809
 -1.30477929 -1.30216478 -1.33489573 -1.33464642 -1.50787735 -1.49712109
 -1.31449983 -1.31320859 -1.28749903 -1.27877219 -1.31857755 -1.31892684
 -1.2938339  -1.28655361 -1.29404539 -1.29183765 -1.30471371 -1.30156545
 -1.33527985 -1.33478223 -1.5075858  -1.49669109]
[0.61136195 0.59991391 0.41524108 0.34046171 0.60973128 0.58004574
 0.40189713 0.36439042 0.60156705 0.59553601 0.36143294 0.37510772
 0.46489455 0.4540437  0.32670103 0.32441869 0.61625506 0.59753865
 0.38930008 0.36803019 0.59425626 0.59628989 0.40697931 0.38588236
 0.59851376 0.57872575 0.37032516 0.36734288 0.45375347 0.44980661
 0.32846454 0.32492845 0.6553257  0.63051677 0.44793978 0.42460294
 0.63515441 0.62535243 0.4424701  0.42153849 0.63529178 0.61547193
 0.43630001 0.4170443  0.45475614 0.44282346 0.28806866 0.33050756
 0.71683691 0.70911894 0.55825815 0.52990245 0.70934546 0.69982839
 0.5422067  0.51652393 0.69865006 0.69093388 0.51924495 0.50548719
 0.47449131 0.47245399 0.32545816 0.33026475 0.75530446 0.7535241
 0.59052553 0.58051641 0.73932987 0.74243919 0.56587891 0.56213528
 0.72868915 0.7279299  0.55136503 0.55025345 0.48690635 0.48717917
 0.351238   0.35570619 0.75507189 0.7539384  0.58817035 0.58533632
 0.7406975  0.74102555 0.57359066 0.56867454 0.72977119 0.72869244
 0.54714701 0.5485361  0.48684592 0.48688691 0.35232341 0.34937858
 0.75560351 0.75225257 0.5865495  0.58498922 0.73806952 0.74112852
 0.56912635 0.5727617  0.72887804 0.72844305 0.55140612 0.54240823
 0.48703742 0.48706463 0.35871269 0.35233718 0.7527933  0.75003162
 0.59545655 0.59047173 0.7410315  0.74255939 0.57029996 0.57490407
 0.72842298 0.72821858 0.54762893 0.54375458 0.4868253  0.48706926
 0.3559785  0.3581822  0.61332848 0.58230303 0.36827042 0.36909158
 0.59171762 0.57615435 0.3787304  0.37994788 0.5924423  0.58539937
 0.38546917 0.3486669  0.45520618 0.4441164  0.3003209  0.31871955
 0.60874237 0.58546815 0.38656518 0.38090001 0.59761411 0.58150479
 0.40826052 0.37017346 0.60601155 0.58722366 0.40017769 0.35889374
 0.45460754 0.45006703 0.29904756 0.31132276 0.64003658 0.62176358
 0.44909959 0.42949641 0.63728537 0.61790667 0.43213254 0.43719239
 0.63281864 0.61703406 0.43815688 0.42101047 0.44754149 0.44151121
 0.29129065 0.30475498 0.71526768 0.70656357 0.55226893 0.53154972
 0.7076399  0.70130594 0.54212141 0.51956482 0.69992783 0.68944514
 0.52086557 0.50341952 0.47215085 0.4696001  0.33086679 0.33006998
 0.75072894 0.75256148 0.58817031 0.5780295  0.74003279 0.74038279
 0.56907289 0.5629044  0.72780944 0.72833797 0.54426449 0.54786495
 0.4868755  0.48715917 0.35423041 0.35160148 0.75192783 0.75360468
 0.58719929 0.58490714 0.73932956 0.74113622 0.57382312 0.56601663
 0.72847609 0.73003082 0.54734937 0.5426899  0.486789   0.48722946
 0.35142041 0.3539851  0.75183353 0.75386652 0.59467703 0.58620121
 0.73942038 0.74145508 0.56902418 0.56854058 0.72675821 0.72823815
 0.55044763 0.54505859 0.48688686 0.48699743 0.35395575 0.35747847
 0.75342675 0.75333014 0.58782941 0.58508505 0.74116911 0.74097801
 0.57652924 0.57380282 0.72792065 0.72751177 0.55350814 0.54788959
 0.48674152 0.48716394 0.3545071  0.35841385]
[ 51  56  20  12  52  45  23   9  60  55  15  34 107  94  76  86  59  58
  13   8  50  53  18  19  57  46  22  21 104  98  85  92  75  67  26  33
  70  69  28  32  71  64  35  36 119 116 114 120 103 112  74  78 100 109
  79  83  97 110  88  90 158 151 240 239 209 187 133 127 210 203 171 132
 165 159 188 153 230 222 249 244 204 197 155 123 219 207 135 138 169 160
 191 144 234 227 250 248 202 192 136 128 216 212 176 142 170 162 177 183
 235 224 242 255 198 201 137 140 220 215 156 150 175 172 189 182 233 228
 254 246  54  38   1   7  39  37   2   6  40  44  11   3 101  93  73  87
  48  41   5   4  43  42  14  17  49  47  16  10 105  95  81  91  68  61
  24  27  66  62  25  31  65  63  29  30 118 115 113 117 102 111  72  77
  99 108  80  82  96 106  84  89 147 146 238 237 200 186 139 122 213 193
 168 126 167 154 181 141 231 223 247 251 195 190 131 121 211 194 145 125
 163 157 180 143 232 221 256 245 199 196 129 124 214 206 161 134 166 149
 185 179 229 225 253 243 208 205 152 130 217 218 173 148 174 164 184 178
 236 226 252 241]
mdts_sin
[
    {
        'scaler': [None, StandardScaler()],
        'pca': [None, PCA(n_components=0.95)],
        'nystroem__n_components': [100, 150],
        'regressor__alpha': [0.0001, 0.001, 0.01, 0.1],
        'regressor__epsilon': [0.01, 0.1, 0.2, 1],
        'regressor__loss': [
            'epsilon_insensitive',
            'squared_epsilon_insensitive'
        ]
    }
]
[-0.0870363  -0.08654617 -0.09040205 -0.08861655 -0.1109466  -0.09616663
 -0.10788393 -0.10538096 -0.10248749 -0.10936684 -0.1231191  -0.11661164
 -0.71992315 -0.71992315 -0.71992315 -0.71992315 -0.08696166 -0.08661762
 -0.09054472 -0.08847891 -0.10915508 -0.09579547 -0.1073327  -0.10475426
 -0.10160531 -0.10856409 -0.12310588 -0.11680103 -0.71992315 -0.71992315
 -0.71992315 -0.71992315 -0.08694303 -0.08669859 -0.09033823 -0.08799285
 -0.11242933 -0.09575455 -0.10559799 -0.10054265 -0.09864666 -0.10262863
 -0.12102211 -0.11710645 -0.71992315 -0.71992315 -0.71992315 -0.71992315
 -0.0872196  -0.0866096  -0.08948937 -0.08644606 -0.12604784 -0.10150098
 -0.09542662 -0.0923214  -0.08864698 -0.09279785 -0.11354617 -0.1118618
 -0.71992315 -0.71992315 -0.71992315 -0.71992315 -0.08824352 -0.0881123
 -0.08961313 -0.08941466 -0.13270037 -0.13255808 -0.09342882 -0.09291585
 -0.08928243 -0.08937443 -0.11168236 -0.11178555 -0.71992315 -0.71992315
 -0.71992315 -0.71992315 -0.08818994 -0.08804593 -0.08958628 -0.08928738
 -0.13275252 -0.13250372 -0.09322675 -0.09312495 -0.08968692 -0.08920005
 -0.11175448 -0.1118491  -0.71992315 -0.71992315 -0.71992315 -0.71992315
 -0.08829017 -0.08818406 -0.08972165 -0.08974158 -0.13304939 -0.13262557
 -0.09339409 -0.09301148 -0.08923216 -0.08918211 -0.11151575 -0.11156489
 -0.71992315 -0.71992315 -0.71992315 -0.71992315 -0.08824297 -0.08812659
 -0.08974938 -0.08974975 -0.13291239 -0.13263818 -0.09341457 -0.09329482
 -0.08941084 -0.08931042 -0.11142388 -0.11159911 -0.71992315 -0.71992315
 -0.71992315 -0.71992315 -0.08679649 -0.08667996 -0.09018989 -0.08826627
 -0.10781006 -0.09620215 -0.10805112 -0.10494429 -0.10168013 -0.1088535
 -0.12333884 -0.11642727 -0.71992315 -0.71992315 -0.71992315 -0.71992315
 -0.08668179 -0.08670798 -0.09089295 -0.08852911 -0.10909152 -0.09619848
 -0.10729668 -0.10421803 -0.10219094 -0.10820987 -0.12378713 -0.11628172
 -0.71992315 -0.71992315 -0.71992315 -0.71992315 -0.08683503 -0.08645601
 -0.08963525 -0.08779649 -0.11160129 -0.0964367  -0.10444802 -0.10013464
 -0.09813707 -0.10239507 -0.12101015 -0.11642502 -0.71992315 -0.71992315
 -0.71992315 -0.71992315 -0.08728231 -0.0868475  -0.08951559 -0.08675699
 -0.12657011 -0.10096137 -0.09481336 -0.0921763  -0.08887374 -0.09361427
 -0.1136293  -0.11154322 -0.71992315 -0.71992315 -0.71992315 -0.71992315
 -0.08825535 -0.08795391 -0.09016911 -0.08911904 -0.1330186  -0.13203991
 -0.09363203 -0.09348304 -0.0894693  -0.08925515 -0.11157728 -0.11191397
 -0.71992315 -0.71992315 -0.71992315 -0.71992315 -0.0880906  -0.08806506
 -0.08960293 -0.08959572 -0.13270907 -0.13235698 -0.0931827  -0.09310934
 -0.08928362 -0.08948835 -0.11134627 -0.11171293 -0.71992315 -0.71992315
 -0.71992315 -0.71992315 -0.08824479 -0.08791576 -0.08980723 -0.08988274
 -0.13301418 -0.13236374 -0.09325391 -0.09345191 -0.08927004 -0.08942256
 -0.11126654 -0.11196624 -0.71992315 -0.71992315 -0.71992315 -0.71992315
 -0.08821145 -0.08820291 -0.09019033 -0.08917358 -0.1328885  -0.13300843
 -0.09325431 -0.09313469 -0.08957457 -0.0892644  -0.11158473 -0.11166319
 -0.71992315 -0.71992315 -0.71992315 -0.71992315]
[0.05525343 0.05584446 0.05386416 0.04557628 0.04706432 0.0415863
 0.05011743 0.03480157 0.05419685 0.03340065 0.04400477 0.03497947
 0.01928188 0.01928188 0.01928188 0.01928188 0.05591402 0.05613317
 0.05401019 0.04539322 0.04788231 0.04119873 0.05060723 0.03486609
 0.05467177 0.03342761 0.04426932 0.03505304 0.01928188 0.01928188
 0.01928188 0.01928188 0.05618515 0.05602916 0.05471625 0.0464457
 0.04861054 0.04267175 0.05277395 0.03724127 0.05451618 0.03751104
 0.04407694 0.03646802 0.01928188 0.01928188 0.01928188 0.01928188
 0.05640102 0.0556517  0.05600346 0.05111513 0.04659039 0.04949688
 0.05927063 0.05096514 0.05666756 0.04613652 0.04688002 0.0439848
 0.01928188 0.01928188 0.01928188 0.01928188 0.05622384 0.05617964
 0.05644067 0.05606066 0.04565053 0.04547494 0.06018589 0.06029934
 0.05551482 0.05544163 0.04786819 0.04743742 0.01928188 0.01928188
 0.01928188 0.01928188 0.0563055  0.05648692 0.05631596 0.05620997
 0.0455724  0.04545636 0.05987534 0.06066989 0.05518422 0.05540069
 0.04749239 0.0474962  0.01928188 0.01928188 0.01928188 0.01928188
 0.05627681 0.05621255 0.05635885 0.05641645 0.04546229 0.04559572
 0.06063324 0.0607177  0.05566759 0.05563156 0.04775502 0.04769378
 0.01928188 0.01928188 0.01928188 0.01928188 0.05632259 0.05638421
 0.05597389 0.05631136 0.04550892 0.0452724  0.06002189 0.06016317
 0.05564933 0.05538732 0.04780453 0.04714865 0.01928188 0.01928188
 0.01928188 0.01928188 0.05549835 0.05615666 0.05374498 0.04560984
 0.04771398 0.04098263 0.05032672 0.03467104 0.05443129 0.03362911
 0.04429711 0.03555355 0.01928188 0.01928188 0.01928188 0.01928188
 0.05592377 0.05577065 0.05377171 0.04594824 0.04833938 0.040509
 0.0509193  0.03538771 0.0540835  0.03406265 0.04454549 0.03532457
 0.01928188 0.01928188 0.01928188 0.01928188 0.05589684 0.05590155
 0.05411575 0.04653809 0.04740058 0.04129459 0.052622   0.03726869
 0.05488603 0.03743366 0.0439923  0.03641207 0.01928188 0.01928188
 0.01928188 0.01928188 0.05659023 0.05589511 0.05583408 0.05129575
 0.04627045 0.0487515  0.05917124 0.05075545 0.05728876 0.04558938
 0.04671825 0.04397496 0.01928188 0.01928188 0.01928188 0.01928188
 0.05629184 0.05650924 0.05587941 0.05674453 0.0453402  0.04542724
 0.06021992 0.05996786 0.05537614 0.05553946 0.04758408 0.04728224
 0.01928188 0.01928188 0.01928188 0.01928188 0.05638698 0.05645059
 0.05669808 0.0562839  0.0454816  0.04545771 0.06024482 0.06048905
 0.05556805 0.05533275 0.04763961 0.04745954 0.01928188 0.01928188
 0.01928188 0.01928188 0.05626985 0.05647315 0.056636   0.05561088
 0.04515725 0.04542701 0.0607123  0.06048957 0.0556602  0.05546509
 0.04769516 0.0475539  0.01928188 0.01928188 0.01928188 0.01928188
 0.0563855  0.05604494 0.05555772 0.05636811 0.04537316 0.04524773
 0.06070969 0.06060043 0.05533207 0.05574323 0.04746767 0.04737416
 0.01928188 0.01928188 0.01928188 0.01928188]
[ 16   3  80  40 140 107 132 127 121 139 172 166 193 193 193 193  15   5
  81  38 138 106 130 125 117 135 171 167 193 193 193 193  14   8  79  22
 160 105 128 114 112 122 170 168 193 193 193 193  17   4  61   1 175 116
 104  84  41  85 161 157 193 193 193 193  33  26  67  57 184 181  98  86
  51  55 152 155 193 193 193 193  29  23  64  53 186 180  92  89  69  46
 154 156 193 193 193 193  37  28  70  71 192 182  96  87  47  45 144 146
 193 193 193 193  32  27  72  73 188 183  97  95  56  54 143 149 193 193
 193 193  11   6  77  36 131 109 133 126 118 136 173 165 193 193 193 193
   7   9  82  39 137 108 129 123 119 134 174 163 193 193 193 193  12   2
  68  19 150 110 124 113 111 120 169 164 193 193 193 193  18  13  62  10
 176 115 103  83  42 101 162 145 193 193 193 193  35  21  76  43 191 177
 102 100  59  48 147 158 193 193 193 193  25  24  66  65 185 178  91  88
  52  60 142 153 193 193 193 193  34  20  74  75 190 179  93  99  50  58
 141 159 193 193 193 193  31  30  78  44 187 189  94  90  63  49 148 151
 193 193 193 193]
mdts_cos
[
    {
        'scaler': [None, StandardScaler()],
        'pca': [None, PCA(n_components=0.95)],
        'nystroem__n_components': [100, 150],
        'regressor__alpha': [0.0001, 0.001, 0.01, 0.1],
        'regressor__epsilon': [0.01, 0.1, 0.2, 1],
        'regressor__loss': [
            'epsilon_insensitive',
            'squared_epsilon_insensitive'
        ]
    }
]
[-0.09783665 -0.09715572 -0.10147173 -0.0985053  -0.11255185 -0.10298055
 -0.12707937 -0.11483823 -0.13728592 -0.13021748 -0.14209706 -0.1362003
 -0.68918815 -0.68918815 -0.68918815 -0.68918815 -0.09806088 -0.09705952
 -0.10180488 -0.09792476 -0.11348566 -0.10321559 -0.12814904 -0.11476624
 -0.13873806 -0.13183853 -0.14252911 -0.13687606 -0.68918815 -0.68918815
 -0.68918815 -0.68918815 -0.0979189  -0.09688525 -0.10172296 -0.09750183
 -0.11427099 -0.1029683  -0.12835701 -0.11699806 -0.13573649 -0.12922106
 -0.14090703 -0.13716574 -0.68918815 -0.68918815 -0.68918815 -0.68918815
 -0.0981915  -0.09760115 -0.10020981 -0.09674501 -0.12420878 -0.10481952
 -0.1329904  -0.12794367 -0.14281988 -0.12239813 -0.13656116 -0.13466116
 -0.68918815 -0.68918815 -0.68918815 -0.68918815 -0.09843229 -0.09837574
 -0.10179238 -0.10134577 -0.12885583 -0.12865861 -0.1341251  -0.13368518
 -0.14564589 -0.14554453 -0.13431459 -0.1342278  -0.68918815 -0.68918815
 -0.68918815 -0.68918815 -0.09839682 -0.09839557 -0.10080842 -0.10087224
 -0.12892378 -0.12818072 -0.13342678 -0.13427241 -0.14593576 -0.14550191
 -0.13397055 -0.13392051 -0.68918815 -0.68918815 -0.68918815 -0.68918815
 -0.09866913 -0.09848809 -0.10096908 -0.10085509 -0.12881723 -0.12827749
 -0.13435439 -0.13425502 -0.14541311 -0.14560507 -0.13397017 -0.13373851
 -0.68918815 -0.68918815 -0.68918815 -0.68918815 -0.09838076 -0.09849075
 -0.10089448 -0.1014626  -0.12876747 -0.12900529 -0.13379305 -0.13385151
 -0.14567337 -0.14575508 -0.13423894 -0.13400758 -0.68918815 -0.68918815
 -0.68918815 -0.68918815 -0.09784145 -0.09697238 -0.10113152 -0.09797123
 -0.11145045 -0.10280922 -0.12748391 -0.11404192 -0.13798934 -0.13113532
 -0.14211131 -0.1368653  -0.68918815 -0.68918815 -0.68918815 -0.68918815
 -0.09811647 -0.09652457 -0.10112174 -0.0977572  -0.11270701 -0.10259327
 -0.12715445 -0.11397667 -0.13837182 -0.13079608 -0.14182089 -0.1365404
 -0.68918815 -0.68918815 -0.68918815 -0.68918815 -0.09792296 -0.09666727
 -0.10138089 -0.09733892 -0.11314182 -0.10260655 -0.12847639 -0.11608005
 -0.13804546 -0.12940643 -0.14167697 -0.13753061 -0.68918815 -0.68918815
 -0.68918815 -0.68918815 -0.09788424 -0.09754594 -0.10058632 -0.09687863
 -0.12303077 -0.10505616 -0.13251674 -0.12766098 -0.1427042  -0.12284947
 -0.13656191 -0.13500146 -0.68918815 -0.68918815 -0.68918815 -0.68918815
 -0.09839044 -0.09831767 -0.1012768  -0.10090781 -0.12893157 -0.12806756
 -0.13412292 -0.13422445 -0.14565613 -0.14513373 -0.13437636 -0.13378099
 -0.68918815 -0.68918815 -0.68918815 -0.68918815 -0.09842005 -0.09831333
 -0.10163965 -0.10136713 -0.1291842  -0.12775062 -0.13381439 -0.13464568
 -0.14546154 -0.14528334 -0.13385675 -0.13429672 -0.68918815 -0.68918815
 -0.68918815 -0.68918815 -0.09848864 -0.09808523 -0.10101296 -0.10125656
 -0.12866823 -0.12836006 -0.13299993 -0.13397927 -0.14572387 -0.14555845
 -0.13417633 -0.13362704 -0.68918815 -0.68918815 -0.68918815 -0.68918815
 -0.09841732 -0.09844435 -0.10115092 -0.1004976  -0.12887903 -0.1288578
 -0.13361704 -0.13432782 -0.14592216 -0.14587076 -0.13439357 -0.13411193
 -0.68918815 -0.68918815 -0.68918815 -0.68918815]
[0.05268737 0.05244904 0.04548912 0.03983348 0.03496385 0.03551583
 0.03044892 0.03090229 0.02982895 0.0254586  0.03468616 0.02859661
 0.01897239 0.01897239 0.01897239 0.01897239 0.052616   0.05204461
 0.04538982 0.03982053 0.03431794 0.0362402  0.0304258  0.0310603
 0.02998582 0.02450767 0.03373189 0.02971696 0.01897239 0.01897239
 0.01897239 0.01897239 0.05255543 0.0519085  0.04515457 0.03985747
 0.03409598 0.03664148 0.02982529 0.03104081 0.03194166 0.02494896
 0.03492658 0.02972844 0.01897239 0.01897239 0.01897239 0.01897239
 0.05268948 0.05264558 0.04735997 0.04419576 0.03081407 0.03796797
 0.02892069 0.02836131 0.02685925 0.02943413 0.03465301 0.03337679
 0.01897239 0.01897239 0.01897239 0.01897239 0.05320294 0.05314275
 0.04678153 0.04729784 0.03041543 0.03034993 0.02814498 0.02879002
 0.02506798 0.02522047 0.03238692 0.0325185  0.01897239 0.01897239
 0.01897239 0.01897239 0.05315685 0.0531939  0.04764297 0.04719344
 0.03023764 0.03038294 0.02880116 0.02848959 0.02505563 0.02516614
 0.03261359 0.03279024 0.01897239 0.01897239 0.01897239 0.01897239
 0.05311299 0.05314217 0.04772063 0.04724723 0.03025701 0.03068635
 0.0283845  0.02840452 0.02526835 0.02508309 0.03282488 0.03302262
 0.01897239 0.01897239 0.01897239 0.01897239 0.05336937 0.05333528
 0.04754873 0.04646053 0.03041651 0.03020117 0.02840857 0.02831892
 0.02503435 0.02502206 0.03254772 0.03241656 0.01897239 0.01897239
 0.01897239 0.01897239 0.05273477 0.05137493 0.0459054  0.03943127
 0.03500744 0.03593581 0.0304554  0.03144318 0.02999373 0.02516244
 0.03429559 0.02855744 0.01897239 0.01897239 0.01897239 0.01897239
 0.05259682 0.05178704 0.04516986 0.03968502 0.03495174 0.03619106
 0.03070298 0.03092065 0.03140005 0.02427521 0.03447977 0.02903383
 0.01897239 0.01897239 0.01897239 0.01897239 0.05245696 0.05184642
 0.0448728  0.04031294 0.03424272 0.03620761 0.02989429 0.03089504
 0.03069071 0.02490062 0.03459217 0.02920667 0.01897239 0.01897239
 0.01897239 0.01897239 0.05313703 0.05293302 0.04612916 0.04414132
 0.03163733 0.03739286 0.02924225 0.02835461 0.02744994 0.02890124
 0.03468827 0.03298242 0.01897239 0.01897239 0.01897239 0.01897239
 0.05328963 0.05315116 0.04728684 0.04777044 0.0303051  0.03028956
 0.02863985 0.0287189  0.02507035 0.02524446 0.03241309 0.03294047
 0.01897239 0.01897239 0.01897239 0.01897239 0.05323311 0.05305619
 0.04728576 0.04723253 0.0301452  0.03059824 0.02854729 0.02803878
 0.0253994  0.02510713 0.03279514 0.03236488 0.01897239 0.01897239
 0.01897239 0.01897239 0.05328675 0.05302716 0.04750855 0.04736158
 0.03058918 0.03053007 0.02908907 0.02875476 0.02495744 0.02520117
 0.03264712 0.0328892  0.01897239 0.01897239 0.01897239 0.01897239
 0.05326272 0.05341919 0.04754302 0.04824279 0.03032587 0.03035481
 0.02863966 0.02884942 0.02498735 0.02492105 0.03250313 0.03247459
 0.01897239 0.01897239 0.01897239 0.01897239]
[ 14   8  60  39  74  69  89  82 163 115 172 156 193 193 193 193  21   7
  64  19  77  70  96  81 168 118 174 161 193 193 193 193  17   5  62  10
  80  68  99  84 155 113 169 162 193 193 193 193  24  12  41   3  88  71
 120  94 176  85 158 153 193 193 193 193  34  27  63  56 106 102 139 125
 185 182 147 142 193 193 193 193  31  30  44  46 109  97 122 145 192 181
 134 132 193 193 193 193  40  36  49  45 105  98 149 144 179 184 133 126
 193 193 193 193  28  38  47  59 104 111 128 130 187 189 143 136 193 193
 193 193  15   6  52  20  73  67  91  79 165 117 173 160 193 193 193 193
  23   1  51  13  75  65  90  78 167 116 171 157 193 193 193 193  18   2
  58   9  76  66 101  83 166 114 170 164 193 193 193 193  16  11  43   4
  87  72 119  92 175  86 159 154 193 193 193 193  29  26  55  48 110  95
 138 141 186 177 150 127 193 193 193 193  33  25  61  57 112  93 129 152
 180 178 131 146 193 193 193 193  37  22  50  54 103 100 121 135 188 183
 140 124 193 193 193 193  32  35  53  42 108 107 123 148 191 190 151 137
 193 193 193 193]
shts_max
[
    {
        'scaler': [None, StandardScaler()],
        'pca': [None, PCA(n_components=0.95)],
        'nystroem__n_components': [100, 150],
        'regressor__alpha': [0.0001, 0.001, 0.01, 0.1],
        'regressor__epsilon': [0.01, 0.1, 0.2, 1],
        'regressor__loss': [
            'epsilon_insensitive',
            'squared_epsilon_insensitive'
        ]
    }
]
[-0.70891516 -0.71563339 -0.67533654 -0.66732721 -0.71113519 -0.70843346
 -0.67906726 -0.67716371 -0.71120439 -0.69782554 -0.6899651  -0.67794321
 -0.84723247 -0.80383727 -0.82164695 -0.79386224 -0.71286494 -0.71557252
 -0.66999998 -0.68081989 -0.71470156 -0.69786547 -0.6825729  -0.68138632
 -0.71079829 -0.70709859 -0.68286797 -0.67661239 -0.86065628 -0.82331753
 -0.84246837 -0.8186289  -0.77592927 -0.74183309 -0.71607524 -0.70393965
 -0.77904811 -0.7430825  -0.72203842 -0.71119346 -0.78090451 -0.75254686
 -0.72897454 -0.72417584 -0.93637559 -0.900081   -0.94638124 -0.90633206
 -1.05483561 -1.01898192 -0.94604807 -0.8942258  -1.04764921 -1.01199714
 -0.95194315 -0.90870237 -1.05825422 -1.0122383  -0.97339749 -0.93359843
 -1.12280541 -1.10164109 -1.15844878 -1.1237501  -1.16125731 -1.16025567
 -1.21427169 -1.19552502 -1.15664494 -1.15751287 -1.21778909 -1.20794099
 -1.18390902 -1.18430729 -1.22351159 -1.20374342 -1.22220833 -1.22261545
 -1.29865018 -1.29409023 -1.1608377  -1.15975626 -1.2186403  -1.20013177
 -1.15659871 -1.15739414 -1.21284987 -1.20285296 -1.18418506 -1.18682328
 -1.21663377 -1.21203536 -1.22242208 -1.22114942 -1.3094727  -1.30176133
 -1.16179948 -1.16029804 -1.2146359  -1.2112447  -1.15635145 -1.15591458
 -1.22083905 -1.21454027 -1.18555649 -1.18206374 -1.21981331 -1.22249527
 -1.22376503 -1.22205796 -1.30079902 -1.2960236  -1.16101564 -1.1604078
 -1.22623691 -1.21846591 -1.15684197 -1.15698551 -1.22448351 -1.22403344
 -1.18654321 -1.1833083  -1.22175086 -1.22291145 -1.22412427 -1.22375022
 -1.29921295 -1.29632751 -0.69428653 -0.70909686 -0.66838858 -0.65102932
 -0.70070629 -0.69350228 -0.66820192 -0.65794217 -0.70325453 -0.69402898
 -0.67703505 -0.65866212 -0.83254305 -0.79905752 -0.82227242 -0.7939003
 -0.69992022 -0.69360838 -0.66817501 -0.66093472 -0.70249007 -0.69326508
 -0.67321529 -0.66934036 -0.69910412 -0.70703536 -0.67924386 -0.66841579
 -0.85411449 -0.81159698 -0.83800175 -0.80604439 -0.75637794 -0.73997732
 -0.7037028  -0.68643806 -0.75878557 -0.74224291 -0.71131672 -0.69776325
 -0.75536879 -0.74081294 -0.72237121 -0.70133447 -0.92743107 -0.88658293
 -0.94549881 -0.90239353 -1.05100022 -1.0141397  -0.93481808 -0.88911515
 -1.04623173 -1.00999447 -0.94691347 -0.90725469 -1.05301346 -1.01174785
 -0.97906556 -0.93364351 -1.12485176 -1.10013598 -1.15363691 -1.11883035
 -1.15966541 -1.15863588 -1.21248761 -1.187552   -1.15576091 -1.15631669
 -1.21692691 -1.19204047 -1.18707855 -1.18326384 -1.22171409 -1.19757585
 -1.22370168 -1.22048369 -1.29791866 -1.29429023 -1.1615286  -1.15838835
 -1.20918973 -1.19379495 -1.15634859 -1.15495073 -1.21882561 -1.19768147
 -1.18585817 -1.18386504 -1.2236116  -1.20020351 -1.22235779 -1.22195789
 -1.30272154 -1.29864513 -1.16032302 -1.16010042 -1.21935602 -1.20815417
 -1.15574013 -1.15617817 -1.22058242 -1.21449306 -1.18620945 -1.18402393
 -1.22015825 -1.21745283 -1.22126159 -1.21967348 -1.30262153 -1.30268906
 -1.16198184 -1.15998544 -1.21858223 -1.22170461 -1.15762948 -1.15773198
 -1.22746275 -1.21966211 -1.1840649  -1.18691889 -1.22455968 -1.22076846
 -1.22397324 -1.22316833 -1.29948515 -1.29367764]
[0.29184312 0.31113556 0.21213467 0.1871945  0.31098169 0.3059826
 0.20108566 0.19909624 0.3118043  0.27460649 0.2027785  0.19270445
 0.26349027 0.2518331  0.18379215 0.19925765 0.32317184 0.32220037
 0.20245907 0.19285716 0.31916872 0.28998083 0.20088098 0.19914788
 0.30308868 0.31144528 0.1957466  0.19331677 0.27444833 0.26445234
 0.18505155 0.2099339  0.38208099 0.32802476 0.23630642 0.21884299
 0.36860699 0.33586198 0.23538476 0.22186304 0.36665631 0.3456296
 0.23265413 0.24357569 0.30019337 0.31155541 0.19603584 0.21927101
 0.49582191 0.47164613 0.32386251 0.31935198 0.48473848 0.47232148
 0.32107745 0.32058737 0.47005298 0.4610281  0.30494095 0.31966937
 0.41255574 0.39981731 0.25289815 0.26548693 0.52687049 0.52777988
 0.38392384 0.38267568 0.48615698 0.48946165 0.37103404 0.36910178
 0.47311165 0.47937835 0.35046307 0.35991132 0.47534637 0.47512079
 0.27679281 0.27931935 0.52705982 0.5260025  0.38650337 0.38037487
 0.48618253 0.4902119  0.37431267 0.36988217 0.4770226  0.47820906
 0.35591406 0.35351637 0.4753667  0.47439438 0.27457119 0.27564778
 0.52730542 0.52805424 0.38609613 0.38359349 0.48454971 0.4864165
 0.37289191 0.36420164 0.47605728 0.47533526 0.35643323 0.35227031
 0.4763203  0.47543983 0.28103727 0.27855282 0.52527622 0.52709903
 0.38250185 0.39473965 0.48355326 0.48477715 0.37493374 0.36674936
 0.47597334 0.47671639 0.36197564 0.34769963 0.47564161 0.47588079
 0.27773599 0.27474513 0.29587454 0.30305963 0.19983559 0.17398653
 0.31441916 0.29470309 0.19852754 0.17923731 0.31318866 0.27586473
 0.20630338 0.18125195 0.26230742 0.24615698 0.18709629 0.20182212
 0.30997362 0.28875758 0.20210733 0.19488484 0.30835964 0.2860914
 0.20683585 0.19315817 0.31296342 0.30677192 0.20356782 0.18589484
 0.27172155 0.24938313 0.18381937 0.20156235 0.36013981 0.3368861
 0.23460533 0.22194457 0.35376226 0.33527147 0.23409884 0.21141446
 0.35187333 0.32624186 0.22916788 0.2220082  0.29734116 0.29455063
 0.19986993 0.22379461 0.48792277 0.4741785  0.32442363 0.32226815
 0.48292696 0.46797285 0.31900888 0.32397592 0.47020719 0.46198356
 0.30487937 0.318456   0.40996106 0.40004975 0.25318563 0.27109499
 0.52669653 0.52693862 0.38631039 0.3870766  0.48517065 0.49051089
 0.36444059 0.37284325 0.47780202 0.47876781 0.35501491 0.35781101
 0.47583912 0.47395767 0.27273372 0.28098694 0.52838739 0.52656474
 0.38504191 0.38742047 0.48519407 0.48994186 0.36665546 0.37263624
 0.47710853 0.47692779 0.3586913  0.35501455 0.47479253 0.47420809
 0.27521679 0.27953681 0.52671962 0.52716694 0.37998898 0.38306699
 0.4849085  0.48847164 0.37889641 0.3669606  0.47746255 0.47815462
 0.34943297 0.35889384 0.4747993  0.47585225 0.2731569  0.27513686
 0.52735609 0.52588315 0.39260101 0.38299308 0.48536253 0.48787726
 0.37034799 0.36655795 0.4768789  0.47953406 0.34990708 0.35061951
 0.47610401 0.47491895 0.28317125 0.27104138]
[ 45  55  13   5  48  44  18  16  50  32  25  17  86  76  80  73  52  54
  11  20  53  33  22  21  47  43  23  14  88  82  85  79  70  63  56  41
  71  65  57  49  72  66  60  59 101  92 104  94 119 114 103  91 116 111
 106  96 120 112 107  98 124 122 145 125 157 151 194 180 137 141 201 187
 165 169 229 186 222 226 248 242 155 148 204 183 136 140 193 185 168 174
 198 191 224 215 256 252 159 152 197 190 135 131 214 196 170 161 209 225
 233 221 251 244 156 154 239 202 138 139 237 235 173 163 219 227 236 232
 249 245  30  46   8   1  36  27   7   2  39  29  15   3  83  75  81  74
  35  28   6   4  38  26  12  10  34  42  19   9  87  78  84  77  68  61
  40  24  69  64  51  31  67  62  58  37  97  89 102  93 117 113 100  90
 115 109 105  95 118 110 108  99 126 121 127 123 147 146 192 177 130 133
 199 178 176 162 218 181 231 211 246 243 158 144 189 179 134 128 205 182
 171 164 230 184 223 220 255 247 153 150 206 188 129 132 212 195 172 166
 210 200 216 208 253 254 160 149 203 217 142 143 240 207 167 175 238 213
 234 228 250 241]
shts_med
[
    {
        'scaler': [None, StandardScaler()],
        'pca': [None, PCA(n_components=0.95)],
        'nystroem__n_components': [100, 150],
        'regressor__alpha': [0.0001, 0.001, 0.01, 0.1],
        'regressor__epsilon': [0.01, 0.1, 0.2, 1],
        'regressor__loss': [
            'epsilon_insensitive',
            'squared_epsilon_insensitive'
        ]
    }
]
[-0.64277881 -0.64062756 -0.61197244 -0.59004028 -0.63139087 -0.6242376
 -0.60247885 -0.59517414 -0.63745767 -0.63991629 -0.61532017 -0.6010884
 -0.74882309 -0.71079151 -0.76013101 -0.72829862 -0.63445989 -0.64027987
 -0.60252713 -0.59646932 -0.63946143 -0.63270824 -0.61198512 -0.60536089
 -0.64254296 -0.62870772 -0.61029097 -0.61263648 -0.74881835 -0.72991555
 -0.77501664 -0.73292099 -0.67533251 -0.65642556 -0.64004002 -0.62914667
 -0.68379785 -0.65994476 -0.64078601 -0.6258904  -0.67659341 -0.67232149
 -0.65188097 -0.63115761 -0.81746939 -0.78390823 -0.85415618 -0.80780088
 -0.90372374 -0.86647723 -0.81639753 -0.77742404 -0.89449417 -0.85981968
 -0.83110938 -0.79830579 -0.90103938 -0.86184092 -0.85457394 -0.82379776
 -0.98323465 -0.95112106 -1.03202512 -1.00264627 -1.00408158 -1.00196656
 -1.04323687 -1.0412217  -1.01461015 -1.01413149 -1.04994837 -1.04078664
 -1.02172006 -1.02306728 -1.06418519 -1.04542775 -1.15933467 -1.16031806
 -1.13695645 -1.13042889 -1.00557578 -1.00344755 -1.04089911 -1.0373185
 -1.01363302 -1.01394052 -1.05409731 -1.04082851 -1.02228294 -1.01984139
 -1.05522382 -1.05530882 -1.16278824 -1.15754512 -1.12858569 -1.12893033
 -1.00684054 -1.00224531 -1.0497397  -1.04266651 -1.01522979 -1.01137935
 -1.05106009 -1.04605394 -1.02143915 -1.02169474 -1.05561001 -1.05779712
 -1.16023967 -1.15920983 -1.13229961 -1.13065143 -1.00537032 -1.00449171
 -1.05158049 -1.04821682 -1.01498387 -1.01415185 -1.04217373 -1.04921349
 -1.02251905 -1.02267965 -1.05962451 -1.05928883 -1.16093326 -1.16270431
 -1.12431878 -1.13181132 -0.62538934 -0.62066533 -0.59045803 -0.57500378
 -0.61942421 -0.6270473  -0.59164516 -0.5808183  -0.6225529  -0.61846798
 -0.5979171  -0.60158898 -0.74110081 -0.71052709 -0.7516344  -0.71852658
 -0.63038321 -0.61098823 -0.60512226 -0.57900485 -0.6333606  -0.62129599
 -0.59871489 -0.59287229 -0.62893076 -0.61768109 -0.60353581 -0.5986314
 -0.75312101 -0.71666131 -0.76563385 -0.73107334 -0.67081519 -0.65453398
 -0.62381775 -0.61687797 -0.67333522 -0.65376348 -0.62968176 -0.61105067
 -0.67260674 -0.65319851 -0.64019442 -0.63115419 -0.81313392 -0.77527027
 -0.84430193 -0.80325742 -0.89676135 -0.86222985 -0.81533264 -0.7751739
 -0.88953598 -0.85757823 -0.83045276 -0.79298791 -0.89640754 -0.85634303
 -0.84983981 -0.82008448 -0.97912107 -0.95103189 -1.02873269 -0.99982536
 -1.00459867 -1.00272912 -1.04903267 -1.02796761 -1.01413932 -1.01072545
 -1.04799269 -1.03355396 -1.02177592 -1.01989871 -1.06104595 -1.04054814
 -1.16026057 -1.15959645 -1.1277708  -1.12579229 -1.00518391 -1.00215834
 -1.0494224  -1.02808553 -1.0115451  -1.01265955 -1.05664426 -1.03413667
 -1.02114208 -1.02129704 -1.05450552 -1.04896329 -1.16254665 -1.15697943
 -1.12864092 -1.12961054 -1.00394883 -1.00216846 -1.04566954 -1.03540464
 -1.01524709 -1.01297895 -1.05524693 -1.04603411 -1.02197257 -1.01974478
 -1.06014574 -1.04808773 -1.16063299 -1.15883614 -1.12810906 -1.12630673
 -1.00436189 -1.00372932 -1.04948169 -1.04388201 -1.01483043 -1.01264755
 -1.06195512 -1.05797414 -1.02547716 -1.02147852 -1.0558921  -1.06016319
 -1.16222764 -1.16179317 -1.1279397  -1.1292123 ]
[0.28354625 0.27472709 0.18408574 0.16861113 0.26295077 0.23421418
 0.16051085 0.15885988 0.26015867 0.26868394 0.17437692 0.16435786
 0.2283646  0.22874921 0.17225167 0.19484557 0.26912798 0.26571848
 0.16724855 0.17252651 0.27034786 0.25080964 0.17980377 0.16339077
 0.28145248 0.24266992 0.1633007  0.1673438  0.22280736 0.24482049
 0.18020282 0.19415888 0.29682241 0.2805147  0.20251582 0.20296937
 0.30661973 0.28872876 0.19759038 0.20124153 0.29869651 0.28882533
 0.20488989 0.20272222 0.25154026 0.2622457  0.1906065  0.21966902
 0.40319669 0.38800844 0.27781971 0.28212304 0.39584385 0.38885643
 0.28223982 0.28819995 0.38105611 0.38063117 0.27038704 0.27149008
 0.3471775  0.3569434  0.23033345 0.23892226 0.4411254  0.439402
 0.33124332 0.3415895  0.42886133 0.4326549  0.32510095 0.33056497
 0.39762055 0.3974006  0.31360089 0.31340475 0.33730446 0.33523219
 0.2439741  0.24043182 0.44041234 0.44021077 0.33347594 0.33911208
 0.42852089 0.4291701  0.31962613 0.32582518 0.39607498 0.39734338
 0.30935866 0.30852251 0.33513502 0.33645043 0.24178574 0.24167389
 0.44078546 0.44141637 0.3302558  0.33285311 0.43110546 0.42828808
 0.32236215 0.32763322 0.39617472 0.39913138 0.31095353 0.30742878
 0.33734182 0.33758704 0.24213933 0.24567738 0.44201581 0.44137043
 0.33150243 0.32424482 0.42836239 0.42887175 0.32753773 0.32336704
 0.3974927  0.39516681 0.30780901 0.30490622 0.33719585 0.33578751
 0.24227376 0.24107663 0.25679014 0.24879186 0.16189826 0.15496322
 0.24960206 0.2383707  0.16021043 0.15154444 0.25614812 0.22613895
 0.17020179 0.17019712 0.23008594 0.23079354 0.17110126 0.18797221
 0.2624407  0.23491759 0.18385343 0.15694588 0.2714996  0.24231628
 0.16462974 0.16479353 0.2645593  0.23329257 0.17474272 0.16359815
 0.22826845 0.23321458 0.17620893 0.18928306 0.30285886 0.27852459
 0.19602681 0.19494692 0.30141244 0.28480016 0.19913149 0.1813585
 0.2972464  0.27843595 0.19598779 0.19602765 0.25317568 0.25103839
 0.19042451 0.21222408 0.40547934 0.38377632 0.28315785 0.28242348
 0.39325929 0.38405355 0.28154052 0.27289864 0.38035143 0.37894547
 0.27033265 0.2724217  0.34939217 0.35199672 0.22631425 0.23870962
 0.44096483 0.4433431  0.33012866 0.33381022 0.42973357 0.42904863
 0.32143278 0.32396661 0.39734367 0.39720106 0.31109149 0.31257695
 0.33528105 0.33616766 0.2393756  0.23888492 0.44003762 0.4414432
 0.33442671 0.33618268 0.42531339 0.43132812 0.33193597 0.32752906
 0.3969484  0.39734067 0.30901827 0.31446428 0.33525301 0.33781362
 0.23728467 0.2433728  0.44081457 0.44177223 0.33291262 0.33478349
 0.43015802 0.43113721 0.32729233 0.3187256  0.39459084 0.39864659
 0.30653184 0.31044423 0.33567416 0.33761977 0.24623648 0.23818676
 0.44097741 0.44172    0.32947232 0.33278867 0.42925968 0.42880386
 0.321722   0.32574687 0.39934887 0.39704069 0.30173454 0.29823744
 0.33577896 0.33675308 0.242775   0.23966101]
[ 59  56  23   4  46  35  15   8  50  52  26  13  83  74  86  77  49  55
  16   9  51  47  24  19  58  39  20  25  82  78  88  80  70  64  53  41
  72  65  57  37  71  67  60  45 100  92 107  96 120 114  99  91 116 111
 104  94 119 112 108 102 124 122 178 130 135 126 190 187 154 151 205 184
 167 173 224 192 245 249 240 236 141 132 186 182 149 150 208 185 170 160
 210 212 256 242 231 233 142 129 204 189 157 144 206 195 164 166 213 216
 247 244 239 237 140 137 207 198 156 153 188 201 171 172 219 218 251 255
 225 238  36  31   5   1  30  38   6   3  33  29  10  14  81  73  84  76
  43  21  18   2  48  32  12   7  40  28  17  11  85  75  87  79  66  63
  34  27  69  62  42  22  68  61  54  44  97  90 105  95 118 113  98  89
 115 110 103  93 117 109 106 101 123 121 177 125 138 131 200 175 152 143
 196 179 168 161 222 183 248 246 228 226 139 127 202 176 145 147 215 180
 162 163 209 199 254 241 232 235 134 128 193 181 158 148 211 194 169 159
 220 197 250 243 230 227 136 133 203 191 155 146 223 217 174 165 214 221
 253 252 229 234]

*****************************************************************************
*                                                                           *
*                    JOB EFFICIENCY REPORT (seff 13085866)                   *
*                                                                           *
*****************************************************************************

Job ID: 13085866
Cluster: finisterrae3
User/Group: curso342/ulc
State: COMPLETED (exit code 0)
Nodes: 1
Cores per node: 32
CPU Utilized: 1-11:59:45
CPU Efficiency: 98.27% of 1-12:37:52 core-walltime
Job Wall-clock time: 01:08:41
Memory Utilized: 8.18 GB
Memory Efficiency: 51.15% of 16.00 GB

 +++++++++++++++++++++++++++++++++++++++++++++++++++++++++++++++++++++++++++
 ++   Memory Efficiency is too small. Please review the requested memory. ++
 ++ It seems that you do not need that much memory so we recommend        ++
 ++ requesting less memory in other similar jobs.                         ++
 +++++++++++++++++++++++++++++++++++++++++++++++++++++++++++++++++++++++++++
 
*****************************************************************************

