slurmstepd: info: Setting TMPDIR to /scratch/13086627. Previous errors about TMPDIR can be discarded
dwi_sin
[
    {
        'scaler': [None, StandardScaler()],
        'poly__degree': [2],
        'regressor__alpha': [0.0001, 0.001, 0.01, 0.1],
        'regressor__epsilon': [0.01, 0.1, 0.2, 1],
        'regressor__loss': [
            'epsilon_insensitive',
            'squared_epsilon_insensitive'
        ]
    }
]
[-1.80173772e+02 -2.84263325e+01 -7.92224595e+14 -6.37002675e+13
 -4.22459240e+02 -5.22563538e+01 -1.00001872e+15 -9.57665938e+13
 -3.21134981e+02 -6.48177994e+01 -5.00558461e+14 -7.29081235e+13
 -7.16348785e-01 -7.16348785e-01 -7.16348785e-01 -7.16348785e-01
 -3.46269615e+02 -5.52906493e+01 -6.16785691e+14 -6.79645301e+13
 -2.41579270e+02 -3.98767701e+01 -7.75763930e+14 -7.73446570e+13
 -3.46274060e+02 -4.49438243e+01 -8.79229609e+14 -9.44091328e+13
 -7.16348785e-01 -7.16348785e-01 -7.16348785e-01 -7.16348785e-01
 -2.30615401e+02 -3.27016962e+01 -5.25778157e+14 -8.74221187e+13
 -3.25520290e+02 -4.67801511e+01 -1.02986488e+15 -6.53146659e+13
 -4.24314290e+02 -4.48425131e+01 -6.72597741e+14 -7.80751769e+13
 -7.16348785e-01 -7.16348785e-01 -7.16348785e-01 -7.16348785e-01
 -1.68127410e+02 -4.09521448e+01 -2.72183902e+14 -5.33680645e+13
 -3.81382683e+02 -3.36775758e+01 -1.41362219e+15 -7.33383623e+13
 -3.66981849e+02 -3.45943549e+01 -3.84888683e+14 -7.88855408e+13
 -7.16348785e-01 -7.16348785e-01 -7.16348785e-01 -7.16348785e-01]
[1.77115412e+02 1.18465052e+01 6.13869302e+14 4.02198544e+13
 4.00212585e+02 6.35179244e+01 1.16823198e+15 1.41068722e+14
 3.04984950e+02 7.52617435e+01 5.69841012e+14 6.65520936e+13
 1.23288060e-02 1.23288060e-02 1.23288060e-02 1.23288060e-02
 5.25584979e+02 3.46989134e+01 6.50913953e+14 2.14620541e+13
 1.81461004e+02 2.83252215e+01 8.95542459e+14 5.84261274e+13
 3.07053187e+02 2.46687930e+01 9.95801127e+14 1.26501062e+14
 1.23288060e-02 1.23288060e-02 1.23288060e-02 1.23288060e-02
 1.67297630e+02 1.85846806e+01 8.44791439e+14 1.14445969e+14
 3.58727243e+02 3.46079808e+01 1.40384843e+15 5.33014984e+13
 2.81150629e+02 2.12305941e+01 1.15277994e+15 6.64654815e+13
 1.23288060e-02 1.23288060e-02 1.23288060e-02 1.23288060e-02
 1.68157918e+02 3.29815474e+01 2.00335941e+14 4.29592663e+13
 5.15008728e+02 2.35578612e+01 1.71983538e+15 5.12826132e+13
 3.27897775e+02 1.84606549e+01 2.68422372e+14 4.07036048e+13
 1.23288060e-02 1.23288060e-02 1.23288060e-02 1.23288060e-02]
[30 17 60 42 39 26 62 52 33 28 55 45  1  1  1  1 35 27 57 44 32 21 59 47
 36 24 61 51  1  1  1  1 31 18 56 50 34 25 63 43 40 23 58 48  1  1  1  1
 29 22 53 41 38 19 64 46 37 20 54 49  1  1  1  1]
dwi_cos
[
    {
        'scaler': [None, StandardScaler()],
        'poly__degree': [2],
        'regressor__alpha': [0.0001, 0.001, 0.01, 0.1],
        'regressor__epsilon': [0.01, 0.1, 0.2, 1],
        'regressor__loss': [
            'epsilon_insensitive',
            'squared_epsilon_insensitive'
        ]
    }
]
[-5.44299319e+02 -4.71621085e+01 -5.41783697e+14 -8.70288591e+13
 -3.14445577e+02 -3.98779064e+01 -9.76886107e+14 -5.99277070e+13
 -3.58323270e+02 -6.12787732e+01 -5.30928536e+14 -4.80144744e+13
 -5.62907712e-01 -5.62907712e-01 -5.62907712e-01 -5.62907712e-01
 -1.94924229e+02 -4.59435336e+01 -9.95251592e+14 -8.59239058e+13
 -2.76263899e+02 -4.57673146e+01 -7.93477083e+14 -6.99240669e+13
 -2.08771377e+02 -4.45547329e+01 -2.94113936e+14 -5.52747515e+13
 -5.62907712e-01 -5.62907712e-01 -5.62907712e-01 -5.62907712e-01
 -4.31254724e+02 -4.91982588e+01 -8.29374948e+14 -4.33557349e+13
 -3.11242815e+02 -4.43412587e+01 -3.53124982e+14 -8.53143430e+13
 -4.12591797e+02 -3.37850539e+01 -7.68527284e+14 -1.24334595e+14
 -5.62907712e-01 -5.62907712e-01 -5.62907712e-01 -5.62907712e-01
 -1.48816630e+02 -4.40457245e+01 -5.54907182e+14 -9.61181350e+13
 -2.37751041e+02 -4.48455287e+01 -5.34765171e+14 -8.44977460e+13
 -2.27092667e+02 -4.27364298e+01 -5.07714843e+14 -6.56431776e+13
 -5.62907712e-01 -5.62907712e-01 -5.62907712e-01 -5.62907712e-01]
[7.82392054e+02 3.59640573e+01 6.33140087e+14 8.37348394e+13
 5.04095987e+02 2.34222341e+01 1.27425430e+15 4.30279447e+13
 5.25578610e+02 7.47172610e+01 5.27744803e+14 2.71290227e+13
 5.00141940e-02 5.00141940e-02 5.00141940e-02 5.00141940e-02
 1.43043445e+02 4.05684760e+01 1.34436941e+15 6.92264550e+13
 2.66787990e+02 3.33693358e+01 8.15160759e+14 4.82935961e+13
 1.86622571e+02 3.38190009e+01 3.15876773e+14 3.16126383e+13
 5.00141940e-02 5.00141940e-02 5.00141940e-02 5.00141940e-02
 9.43957358e+02 3.08329373e+01 8.08518967e+14 2.27003178e+13
 2.75535452e+02 3.84921849e+01 2.54944330e+14 9.65981643e+13
 5.79345894e+02 3.24257261e+01 8.98915374e+14 1.38979685e+14
 5.00141940e-02 5.00141940e-02 5.00141940e-02 5.00141940e-02
 8.22629378e+01 2.58478797e+01 4.55856764e+14 1.21524691e+14
 2.08435818e+02 3.08093407e+01 5.16925614e+14 6.78843416e+13
 1.78555880e+02 4.14457599e+01 4.42502384e+14 5.02287016e+13
 5.00141940e-02 5.00141940e-02 5.00141940e-02 5.00141940e-02]
[40 26 58 50 36 18 63 44 37 28 56 42  1  1  1  1 30 25 64 49 34 24 61 46
 31 22 53 43  1  1  1  1 39 27 62 41 35 21 54 48 38 17 60 52  1  1  1  1
 29 20 59 51 33 23 57 47 32 19 55 45  1  1  1  1]
wind_max
[
    {
        'scaler': [None, StandardScaler()],
        'poly__degree': [2],
        'regressor__alpha': [0.0001, 0.001, 0.01, 0.1],
        'regressor__epsilon': [0.01, 0.1, 0.2, 1],
        'regressor__loss': [
            'epsilon_insensitive',
            'squared_epsilon_insensitive'
        ]
    }
]
[-5.87305780e+02 -4.25080405e+01 -7.31488780e+14 -1.03176973e+14
 -2.82598481e+02 -4.47867818e+01 -5.29478097e+14 -5.06415797e+13
 -4.06728413e+02 -4.26203049e+01 -8.09452446e+14 -8.58837849e+13
 -3.34039840e+02 -5.67779353e+01 -5.45959661e+14 -5.91221956e+13
 -4.35464503e+02 -4.60623298e+01 -4.62048752e+14 -6.56768925e+13
 -3.06454860e+02 -5.43746177e+01 -4.63488480e+14 -5.97834494e+13
 -2.92286409e+02 -5.78129315e+01 -9.66905077e+14 -6.14716005e+13
 -3.19980970e+02 -5.49122576e+01 -5.50327862e+14 -1.16819293e+14
 -2.33406464e+02 -3.72099443e+01 -5.17350328e+14 -9.11156692e+13
 -1.62424937e+02 -3.31529038e+01 -3.78948416e+14 -8.86486581e+13
 -4.29400908e+02 -4.17799942e+01 -6.73835462e+14 -1.01403192e+14
 -4.07298690e+02 -3.37792962e+01 -9.88520535e+14 -8.47585889e+13
 -5.89019500e+02 -3.80910946e+01 -6.04450399e+14 -8.29424847e+13
 -1.79117589e+02 -5.62962315e+01 -8.05679827e+14 -9.11870470e+13
 -2.10197522e+02 -5.54748980e+01 -6.72802848e+14 -8.93477849e+13
 -2.14051480e+02 -5.56036331e+01 -8.77340495e+14 -8.13785813e+13]
[5.25824640e+02 3.06905437e+01 4.24389420e+14 8.11082107e+13
 2.22556178e+02 4.92620283e+01 4.28691593e+14 2.77781564e+13
 3.82229035e+02 3.72218082e+01 8.78136052e+14 9.36266730e+13
 3.38130157e+02 3.24664185e+01 8.58657644e+14 3.90498682e+13
 4.50915329e+02 3.52910279e+01 4.95583333e+14 4.31749778e+13
 2.77431716e+02 3.89656644e+01 5.11014811e+14 4.26660346e+13
 2.36180469e+02 6.00963223e+01 2.10752134e+15 4.38390070e+13
 4.26065757e+02 3.97763292e+01 4.47977002e+14 1.17301509e+14
 1.46929608e+02 2.96983789e+01 4.35990135e+14 1.08877857e+14
 1.34296661e+02 2.46036023e+01 2.73106712e+14 6.42387345e+13
 5.72541930e+02 2.54923110e+01 1.01270312e+15 8.67169309e+13
 4.00721180e+02 2.77103342e+01 1.57785850e+15 6.96653901e+13
 8.45099669e+02 2.53704015e+01 4.86753358e+14 6.39749339e+13
 1.14996661e+02 5.09309226e+01 7.87335914e+14 6.71697750e+13
 2.09414485e+02 3.49733472e+01 9.27275111e+14 7.93042964e+13
 2.26935446e+02 5.42702648e+01 6.40889002e+14 1.00580706e+14]
[31  6 59 47 22  8 53 33 27  7 61 41 26 15 54 34 30  9 50 37 24 10 51 35
 23 16 63 36 25 11 55 48 21  3 52 44 17  1 49 42 29  5 58 46 28  2 64 40
 32  4 56 39 18 14 60 45 19 12 57 43 20 13 62 38]
wind_med
[
    {
        'scaler': [None, StandardScaler()],
        'poly__degree': [2],
        'regressor__alpha': [0.0001, 0.001, 0.01, 0.1],
        'regressor__epsilon': [0.01, 0.1, 0.2, 1],
        'regressor__loss': [
            'epsilon_insensitive',
            'squared_epsilon_insensitive'
        ]
    }
]
[-3.76490422e+02 -4.42030436e+01 -5.30015397e+14 -7.30641290e+13
 -2.13137282e+02 -4.94750961e+01 -5.34852623e+14 -1.13747939e+14
 -2.87160492e+02 -5.10753070e+01 -1.30802294e+15 -8.90641604e+13
 -3.42081577e+02 -4.42120696e+01 -1.32374204e+15 -5.03079850e+13
 -2.24089111e+02 -4.43708971e+01 -7.75577357e+14 -8.55576523e+13
 -3.06295023e+02 -4.56892078e+01 -5.89828068e+14 -5.84873846e+13
 -2.98717613e+02 -4.24515049e+01 -4.39317442e+14 -6.79726922e+13
 -3.31066285e+02 -7.14688230e+01 -3.94043433e+14 -5.01751178e+13
 -2.65906244e+02 -4.33430284e+01 -4.43935063e+14 -7.36683858e+13
 -2.41406698e+02 -6.36774647e+01 -5.03308248e+14 -6.92326806e+13
 -2.18944824e+02 -4.18604818e+01 -5.82486516e+14 -7.02214624e+13
 -4.49206616e+02 -4.55153243e+01 -4.03911688e+14 -8.57127392e+13
 -5.88400047e+02 -7.52000772e+01 -3.78151290e+14 -6.79624268e+13
 -2.28178617e+02 -3.86276880e+01 -6.92758903e+14 -1.06637139e+14
 -3.92354512e+02 -4.28914650e+01 -2.02084434e+15 -1.14514279e+14
 -1.99197446e+02 -4.49598587e+01 -1.56486414e+15 -8.07623011e+13]
[2.13214832e+02 4.58137616e+01 8.56530391e+14 5.84870023e+13
 2.61937208e+02 3.22126021e+01 5.56441421e+14 1.22852777e+14
 2.63999131e+02 3.89994279e+01 2.13634181e+15 6.38893560e+13
 2.98756365e+02 2.29054766e+01 1.64720347e+15 2.76818921e+13
 1.49822476e+02 3.51696364e+01 6.63288280e+14 7.46921002e+13
 2.99887649e+02 3.29207629e+01 5.97069992e+14 3.11452140e+13
 1.99039346e+02 3.19894344e+01 5.46553528e+14 4.71024146e+13
 5.30358300e+02 8.57205251e+01 2.61857506e+14 2.47105136e+13
 2.49563280e+02 3.29517298e+01 3.09335766e+14 4.24918111e+13
 1.85512965e+02 7.17596950e+01 8.74122074e+14 4.66713124e+13
 2.71119905e+02 3.73396695e+01 7.01119336e+14 4.96931523e+13
 8.80245068e+02 3.78680750e+01 4.15669752e+14 1.38871690e+14
 7.90957522e+02 7.38249534e+01 2.75628149e+14 4.94819189e+13
 2.85267762e+02 3.35158192e+01 5.77692316e+14 9.19410796e+13
 4.72587299e+02 3.13736020e+01 2.76007753e+15 1.03013441e+14
 2.58136099e+02 2.94613196e+01 1.19072080e+15 1.08515045e+14]
[29  6 55 40 18 12 56 47 24 13 61 45 28  7 62 34 20  8 60 43 26 11 58 35
 25  3 52 37 27 15 50 33 23  5 53 41 22 14 54 38 19  2 57 39 31 10 51 44
 32 16 49 36 21  1 59 46 30  4 64 48 17  9 63 42]
shww_max
[
    {
        'scaler': [None, StandardScaler()],
        'poly__degree': [2],
        'regressor__alpha': [0.0001, 0.001, 0.01, 0.1],
        'regressor__epsilon': [0.01, 0.1, 0.2, 1],
        'regressor__loss': [
            'epsilon_insensitive',
            'squared_epsilon_insensitive'
        ]
    }
]
[-3.15668963e+02 -6.11365387e+01 -1.05497091e+15 -6.66099774e+13
 -2.75450146e+02 -5.40329425e+01 -1.03534465e+15 -7.22630070e+13
 -1.96131335e+02 -3.39394122e+01 -7.45130990e+14 -4.93183072e+13
 -1.80100732e+02 -6.97378583e+01 -7.50884704e+14 -4.34402925e+13
 -2.34202027e+02 -3.08450308e+01 -1.20155460e+15 -7.15395610e+13
 -3.89918090e+02 -6.32387134e+01 -9.89222420e+14 -1.04753215e+14
 -1.29829889e+02 -4.68027554e+01 -1.63001984e+15 -4.38445251e+13
 -4.11319852e+02 -4.36509814e+01 -1.01090638e+15 -5.71282933e+13
 -3.61864000e+02 -5.40273351e+01 -5.81380922e+14 -5.81347386e+13
 -3.45598663e+02 -4.43256563e+01 -9.39101100e+14 -7.56182772e+13
 -3.01164322e+02 -4.18953803e+01 -6.77320891e+14 -5.89967416e+13
 -3.48412090e+02 -5.54328093e+01 -4.31537509e+14 -6.41015475e+13
 -1.96595760e+02 -3.40005644e+01 -8.28646947e+14 -1.22864772e+14
 -3.32851263e+02 -4.18977928e+01 -7.13670632e+14 -9.27900906e+13
 -5.18221698e+02 -6.22686987e+01 -6.24497211e+14 -6.52698768e+13
 -4.69232440e+02 -6.46762905e+01 -1.18889190e+15 -7.08404950e+13]
[4.12754244e+02 4.75295981e+01 1.61238690e+15 5.83733199e+13
 3.18456072e+02 3.70540509e+01 1.11857642e+15 5.24433711e+13
 1.99083663e+02 1.40697380e+01 6.76196612e+14 2.61602531e+13
 2.13387272e+02 7.89573451e+01 7.77238238e+14 2.67765579e+13
 3.83156203e+02 1.75078953e+01 1.56519680e+15 7.78387779e+13
 4.12023172e+02 8.61009155e+01 1.15781668e+15 8.61265720e+13
 1.09390123e+02 3.98888559e+01 1.96205519e+15 1.97335353e+13
 8.35190717e+02 2.96033535e+01 1.16042698e+15 2.72518714e+13
 3.54792618e+02 6.70040269e+01 3.24863095e+14 3.69274440e+13
 4.05065174e+02 2.60351640e+01 1.43412009e+15 6.28781532e+13
 3.64101464e+02 2.85991770e+01 1.26502644e+15 4.55958011e+13
 3.39466180e+02 7.70055819e+01 4.49174297e+14 2.26384026e+13
 1.24342397e+02 2.10386821e+01 8.26750233e+14 1.61485180e+14
 3.78411802e+02 3.29708610e+01 1.00719854e+15 9.69368296e+13
 9.38908053e+02 4.91563910e+01 9.35792578e+14 3.94917770e+13
 5.32302344e+02 7.20766111e+01 1.61338018e+15 5.15929754e+13]
[24 12 61 41 22 10 60 44 19  2 54 35 18 16 55 33 21  1 63 43 29 14 58 47
 17  8 64 34 30  6 59 36 28  9 50 37 26  7 57 45 23  4 52 38 27 11 49 39
 20  3 56 48 25  5 53 46 32 13 51 40 31 15 62 42]
shww_med
[
    {
        'scaler': [None, StandardScaler()],
        'poly__degree': [2],
        'regressor__alpha': [0.0001, 0.001, 0.01, 0.1],
        'regressor__epsilon': [0.01, 0.1, 0.2, 1],
        'regressor__loss': [
            'epsilon_insensitive',
            'squared_epsilon_insensitive'
        ]
    }
]
[-4.59921083e+02 -4.36088758e+01 -7.10727472e+14 -4.80539802e+13
 -3.45601161e+02 -4.33922590e+01 -1.21514981e+15 -6.47530093e+13
 -2.37220772e+02 -3.69128523e+01 -1.02122766e+15 -8.46963143e+13
 -1.84452763e+02 -5.85375556e+01 -4.93015952e+14 -9.17270243e+13
 -3.94277187e+02 -4.42965519e+01 -4.99370846e+14 -5.76748882e+13
 -3.22326725e+02 -3.52721030e+01 -5.42708573e+14 -7.11910549e+13
 -3.14650375e+02 -4.46553174e+01 -1.48134368e+15 -7.09594764e+13
 -4.90540536e+02 -3.89577751e+01 -1.13914892e+15 -5.73195153e+13
 -1.54763916e+02 -4.70845300e+01 -1.16682132e+15 -6.21615444e+13
 -4.74093857e+02 -4.92527222e+01 -5.16482730e+14 -6.11160638e+13
 -2.23894867e+02 -4.72091809e+01 -1.15130877e+15 -8.61192801e+13
 -3.68130238e+02 -4.94388867e+01 -1.60111820e+15 -1.34036097e+14
 -3.74991981e+02 -5.65645825e+01 -3.24777985e+14 -4.59173927e+13
 -2.30901286e+02 -2.87969487e+01 -5.45086238e+14 -6.28627004e+13
 -3.68994957e+02 -4.36954101e+01 -7.53818991e+14 -6.73478973e+13
 -2.06452488e+02 -5.59046718e+01 -3.21555162e+14 -6.27575350e+13]
[6.10485440e+02 2.30885546e+01 7.78498496e+14 2.72105845e+13
 4.19911192e+02 2.70948824e+01 2.12112368e+15 4.96813465e+13
 2.54237952e+02 2.18034914e+01 1.20797552e+15 5.54932167e+13
 1.45029774e+02 5.17913174e+01 4.14997947e+14 8.97433109e+13
 3.15982982e+02 3.49646048e+01 3.25571135e+14 3.54257851e+13
 3.81158211e+02 2.39690754e+01 4.71949696e+14 5.68157508e+13
 3.86225140e+02 2.66599417e+01 2.40629397e+15 3.88262228e+13
 7.41071388e+02 1.99698509e+01 1.23129348e+15 3.74695057e+13
 1.32427201e+02 4.50051611e+01 2.24651169e+15 4.35091820e+13
 6.43376519e+02 3.50839954e+01 5.09619681e+14 3.58285315e+13
 2.17116612e+02 3.71068507e+01 2.43715672e+15 6.01610032e+13
 4.59900703e+02 3.49717084e+01 2.83137418e+15 1.51687592e+14
 5.11395289e+02 3.49134632e+01 2.15937849e+14 3.15038436e+13
 2.14507308e+02 1.66835024e+01 7.88644914e+14 3.45666488e+13
 5.21466955e+02 2.72863954e+01 1.04193199e+15 2.48087197e+13
 2.41050816e+02 3.76382915e+01 2.17424434e+14 5.46617787e+13]
[30  6 56 34 25  5 62 41 22  3 58 45 18 16 51 47 29  8 52 36 24  2 54 44
 23  9 63 43 32  4 59 35 17 10 61 38 31 12 53 37 20 11 60 46 26 13 64 48
 28 15 50 33 21  1 55 40 27  7 57 42 19 14 49 39]
mdts_sin
[
    {
        'scaler': [None, StandardScaler()],
        'poly__degree': [2],
        'regressor__alpha': [0.0001, 0.001, 0.01, 0.1],
        'regressor__epsilon': [0.01, 0.1, 0.2, 1],
        'regressor__loss': [
            'epsilon_insensitive',
            'squared_epsilon_insensitive'
        ]
    }
]
[-3.41035204e+02 -4.95915057e+01 -5.10839322e+14 -9.61826019e+13
 -2.63154368e+02 -3.42416114e+01 -3.50578496e+14 -4.25976669e+13
 -2.34353881e+02 -5.18811120e+01 -5.37885749e+14 -5.26407223e+13
 -7.19923154e-01 -7.19923154e-01 -7.19923154e-01 -7.19923154e-01
 -3.50709435e+02 -4.09214013e+01 -7.79733780e+14 -5.17933434e+13
 -4.30453806e+02 -4.61131868e+01 -8.36370143e+14 -6.42584208e+13
 -3.09391613e+02 -3.61040287e+01 -6.30071719e+14 -4.95146568e+13
 -7.19923154e-01 -7.19923154e-01 -7.19923154e-01 -7.19923154e-01
 -4.97201217e+02 -3.45305035e+01 -8.98737856e+14 -6.71234811e+13
 -1.43055780e+02 -3.86150459e+01 -8.30417103e+14 -7.45948204e+13
 -1.68458356e+02 -5.32780631e+01 -9.83012289e+14 -6.68576252e+13
 -7.19923154e-01 -7.19923154e-01 -7.19923154e-01 -7.19923154e-01
 -2.61694906e+02 -3.85992564e+01 -1.36560890e+15 -6.82546867e+13
 -1.73062917e+02 -3.97086513e+01 -9.93817677e+14 -1.09822810e+14
 -5.47906027e+02 -5.74772459e+01 -5.12191226e+14 -7.62483696e+13
 -7.19923154e-01 -7.19923154e-01 -7.19923154e-01 -7.19923154e-01]
[4.20924751e+02 4.13837282e+01 5.98099309e+14 1.35091094e+14
 2.90442514e+02 2.94277905e+01 3.34786560e+14 2.93603695e+13
 3.04952719e+02 3.93872603e+01 7.46673686e+14 3.14771183e+13
 1.92818834e-02 1.92818834e-02 1.92818834e-02 1.92818834e-02
 4.36763796e+02 3.32853786e+01 9.61295015e+14 3.26729144e+13
 5.59028132e+02 3.13677951e+01 1.18300449e+15 3.62965018e+13
 3.30612020e+02 1.33557288e+01 5.57469039e+14 2.55752746e+13
 1.92818834e-02 1.92818834e-02 1.92818834e-02 1.92818834e-02
 7.52480660e+02 2.78504454e+01 1.61880160e+15 5.21009451e+13
 9.04633214e+01 3.83250973e+01 9.62980814e+14 4.94014578e+13
 1.43930666e+02 6.29438509e+01 1.28329974e+15 6.88694156e+13
 1.92818834e-02 1.92818834e-02 1.92818834e-02 1.92818834e-02
 2.49779879e+02 1.68448752e+01 2.78979752e+15 5.13758484e+13
 1.50314119e+02 3.20780072e+01 1.01263614e+15 1.12344459e+14
 7.52640206e+02 7.92445250e+01 4.54650481e+14 5.96431417e+13
 1.92818834e-02 1.92818834e-02 1.92818834e-02 1.92818834e-02]
[36 25 54 51 34 17 53 41 32 26 56 44  1  1  1  1 37 23 58 43 38 24 60 45
 35 19 57 42  1  1  1  1 39 18 61 47 29 21 59 49 30 27 62 46  1  1  1  1
 33 20 64 48 31 22 63 52 40 28 55 50  1  1  1  1]
mdts_cos
[
    {
        'scaler': [None, StandardScaler()],
        'poly__degree': [2],
        'regressor__alpha': [0.0001, 0.001, 0.01, 0.1],
        'regressor__epsilon': [0.01, 0.1, 0.2, 1],
        'regressor__loss': [
            'epsilon_insensitive',
            'squared_epsilon_insensitive'
        ]
    }
]
[-2.98646933e+02 -3.94927011e+01 -4.56738680e+14 -6.97133790e+13
 -2.91563350e+02 -4.03227315e+01 -7.71876201e+14 -6.16614811e+13
 -5.26368228e+02 -3.46020592e+01 -6.58181548e+14 -3.99516624e+13
 -6.89188155e-01 -6.89188155e-01 -6.89188155e-01 -6.89188155e-01
 -2.81010690e+02 -4.38553089e+01 -1.25100048e+15 -7.96701449e+13
 -1.41998525e+02 -6.01117649e+01 -8.94332471e+14 -4.94649252e+13
 -4.30808567e+02 -7.23374393e+01 -6.53316481e+14 -1.00102849e+14
 -6.89188155e-01 -6.89188155e-01 -6.89188155e-01 -6.89188155e-01
 -2.25882763e+02 -3.90210091e+01 -5.27104546e+14 -9.05881156e+13
 -3.92323723e+02 -3.86235878e+01 -1.05166629e+15 -1.14565378e+14
 -3.80056478e+02 -4.05741972e+01 -1.62128809e+15 -5.35904722e+13
 -6.89188155e-01 -6.89188155e-01 -6.89188155e-01 -6.89188155e-01
 -2.29068126e+02 -4.12069253e+01 -1.11231780e+15 -6.98359112e+13
 -2.10618116e+02 -4.33166016e+01 -5.24679863e+14 -7.40367922e+13
 -2.00353110e+02 -4.41076756e+01 -6.29393340e+14 -7.90697476e+13
 -6.89188155e-01 -6.89188155e-01 -6.89188155e-01 -6.89188155e-01]
[4.09007995e+02 2.27219648e+01 4.24449036e+14 6.82886227e+13
 3.08398516e+02 3.07778523e+01 1.08324032e+15 5.12782234e+13
 9.66051359e+02 2.28993463e+01 6.38181568e+14 2.30238983e+13
 1.89723852e-02 1.89723852e-02 1.89723852e-02 1.89723852e-02
 2.37982750e+02 3.77840379e+01 1.79080599e+15 4.44000337e+13
 6.25672818e+01 3.87003666e+01 9.00456415e+14 3.04391004e+13
 5.10556104e+02 8.05600703e+01 8.62262807e+14 1.21153741e+14
 1.89723852e-02 1.89723852e-02 1.89723852e-02 1.89723852e-02
 3.46227469e+02 2.77322304e+01 5.96749313e+14 7.93507751e+13
 5.22781059e+02 3.50976736e+01 1.46025771e+15 1.35406525e+14
 2.51130286e+02 2.01442905e+01 2.23981010e+15 4.05632883e+13
 1.89723852e-02 1.89723852e-02 1.89723852e-02 1.89723852e-02
 1.65217016e+02 2.18399418e+01 1.30994570e+15 5.87606245e+13
 2.47189648e+02 3.43395712e+01 4.10126546e+14 5.03408004e+13
 2.71803759e+02 2.96714394e+01 7.27030180e+14 4.95412483e+13
 1.89723852e-02 1.89723852e-02 1.89723852e-02 1.89723852e-02]
[36 20 53 45 35 21 59 44 40 17 58 41  1  1  1  1 34 25 63 49 29 27 60 42
 39 28 57 51  1  1  1  1 32 19 55 50 38 18 61 52 37 22 64 43  1  1  1  1
 33 23 62 46 31 24 54 47 30 26 56 48  1  1  1  1]
shts_max
[
    {
        'scaler': [None, StandardScaler()],
        'poly__degree': [2],
        'regressor__alpha': [0.0001, 0.001, 0.01, 0.1],
        'regressor__epsilon': [0.01, 0.1, 0.2, 1],
        'regressor__loss': [
            'epsilon_insensitive',
            'squared_epsilon_insensitive'
        ]
    }
]
[-2.90250747e+02 -4.87629978e+01 -4.02310417e+14 -6.02610450e+13
 -2.22858191e+02 -3.31669532e+01 -4.40460476e+14 -5.74872205e+13
 -1.84653188e+02 -5.86691094e+01 -4.49891088e+14 -1.44974308e+14
 -4.73783017e+02 -5.09015880e+01 -5.51861655e+14 -6.76146057e+13
 -3.63635318e+02 -5.52482936e+01 -6.44713131e+14 -6.68405982e+13
 -3.21972967e+02 -3.72610768e+01 -5.31438080e+14 -7.58305355e+13
 -5.50386674e+02 -3.03517155e+01 -1.06647160e+15 -8.72105781e+13
 -3.45912187e+02 -5.50402413e+01 -7.61941174e+14 -5.22261088e+13
 -5.11549038e+02 -2.93459086e+01 -1.49332697e+15 -1.01203542e+14
 -2.46744748e+02 -6.35925536e+01 -4.40055483e+14 -6.97666162e+13
 -1.62029965e+02 -6.35861066e+01 -1.00038045e+15 -5.99382651e+13
 -4.70331304e+02 -6.59520976e+01 -6.65248254e+14 -9.94254251e+13
 -3.27435651e+02 -3.24035215e+01 -5.46479171e+14 -8.14853498e+13
 -2.15087533e+02 -4.23130858e+01 -4.92983838e+14 -6.19147021e+13
 -2.48021927e+02 -4.41906266e+01 -2.30631600e+15 -9.09430054e+13
 -2.51970045e+02 -4.07155082e+01 -4.22541877e+14 -5.79417253e+13]
[2.83837556e+02 4.16126103e+01 3.76048419e+14 3.99610881e+13
 2.69909475e+02 2.23347893e+01 2.15586813e+14 3.28214612e+13
 1.22236963e+02 5.51244833e+01 4.75215181e+14 2.31548013e+14
 7.49555034e+02 6.40628488e+01 5.88925252e+14 4.54604942e+13
 5.30287131e+02 4.48368414e+01 4.13024874e+14 4.49027026e+13
 3.46678318e+02 3.11065226e+01 6.62000186e+14 5.65567025e+13
 6.93375945e+02 2.12289540e+01 8.18977888e+14 9.13278359e+13
 4.43426926e+02 4.14375149e+01 1.13149610e+15 3.87518465e+13
 6.86929216e+02 1.30831571e+01 2.48958731e+15 7.28271153e+13
 2.16756377e+02 4.29535963e+01 5.22537666e+14 5.66257108e+13
 9.02223895e+01 5.21230291e+01 1.08518502e+15 3.63247251e+13
 6.46831781e+02 8.66616035e+01 1.12587419e+15 8.41007495e+13
 2.80321112e+02 2.30689318e+01 8.88800224e+14 6.19452615e+13
 1.94908090e+02 2.62595970e+01 7.04181076e+14 3.59373507e+13
 2.33495503e+02 2.27793768e+01 2.59763700e+15 7.18787915e+13
 3.20017851e+02 2.63425077e+01 2.72626110e+14 5.84187468e+13]
[24  9 49 37 20  4 52 34 18 13 53 48 30 10 57 40 28 12 58 39 25  5 55 42
 32  2 62 44 27 11 60 33 31  1 63 47 21 15 51 41 17 14 61 36 29 16 59 46
 26  3 56 43 19  7 54 38 22  8 64 45 23  6 50 35]
shts_med
[
    {
        'scaler': [None, StandardScaler()],
        'poly__degree': [2],
        'regressor__alpha': [0.0001, 0.001, 0.01, 0.1],
        'regressor__epsilon': [0.01, 0.1, 0.2, 1],
        'regressor__loss': [
            'epsilon_insensitive',
            'squared_epsilon_insensitive'
        ]
    }
]
[-5.20857401e+02 -4.04539793e+01 -7.98387674e+14 -9.54270456e+13
 -2.60425090e+02 -4.09368834e+01 -1.15714533e+15 -7.24050526e+13
 -6.16484931e+02 -6.11080053e+01 -1.05868548e+15 -4.42603630e+13
 -2.52922995e+02 -4.71190054e+01 -1.10458439e+15 -1.43629010e+14
 -6.02773465e+02 -5.03168724e+01 -1.34843013e+15 -8.91579688e+13
 -3.10938399e+02 -6.05796656e+01 -1.05870847e+15 -7.07213597e+13
 -2.48980997e+02 -3.93259715e+01 -1.00732472e+15 -4.41253778e+13
 -3.81079293e+02 -5.88263434e+01 -4.49932077e+14 -9.49026130e+13
 -2.73396255e+02 -3.66527103e+01 -1.01454532e+15 -5.15873766e+13
 -5.31191130e+02 -5.05200786e+01 -9.97101993e+14 -6.96101509e+13
 -3.61232927e+02 -6.06980276e+01 -9.39228628e+14 -1.00230298e+14
 -2.69120861e+02 -7.24817155e+01 -9.86921894e+14 -1.55592121e+14
 -4.43961072e+02 -6.49879415e+01 -6.61955387e+14 -7.42920255e+13
 -2.49614674e+02 -3.26996863e+01 -9.94712724e+14 -7.49275982e+13
 -2.79431418e+02 -4.05373047e+01 -6.33123661e+14 -7.02290339e+13
 -4.12406741e+02 -4.35173464e+01 -1.09063844e+15 -6.80468566e+13]
[1.05378557e+03 3.50412209e+01 9.65255105e+14 1.01731687e+14
 2.59660623e+02 2.55962627e+01 1.51225126e+15 4.98165705e+13
 1.07676888e+03 7.64170084e+01 1.64802542e+15 3.43469371e+13
 1.94621194e+02 4.79868321e+01 1.78041959e+15 1.50683498e+14
 7.63236888e+02 3.32765657e+01 2.50460376e+15 6.61052939e+13
 3.86261557e+02 5.39159885e+01 1.05028408e+15 5.00982723e+13
 1.91202950e+02 2.59998641e+01 1.80582467e+15 1.72840539e+13
 5.95756015e+02 5.99526542e+01 6.16818454e+14 5.93163141e+13
 2.70703831e+02 2.63849613e+01 1.35572947e+15 2.77061242e+13
 9.03572869e+02 4.07185377e+01 1.26373599e+15 8.01417356e+13
 3.93738221e+02 7.56999801e+01 1.21929568e+15 1.20520218e+14
 2.77076064e+02 1.15846273e+02 1.23347481e+15 1.91671213e+14
 7.76236847e+02 6.73235969e+01 6.74179413e+14 7.17514328e+13
 1.78063121e+02 2.60395543e+01 1.40959976e+15 5.20609858e+13
 3.51820264e+02 2.11717952e+01 7.95445516e+14 6.03924779e+13
 3.75381218e+02 3.15300654e+01 1.45790722e+15 5.62420762e+13]
[29  4 52 45 20  6 63 40 32 14 59 34 19  8 62 47 31  9 64 43 24 12 60 39
 17  3 57 33 26 11 49 44 22  2 58 35 30 10 56 37 25 13 53 46 21 16 54 48
 28 15 51 41 18  1 55 42 23  5 50 38 27  7 61 36]

*****************************************************************************
*                                                                           *
*                    JOB EFFICIENCY REPORT (seff 13086627)                   *
*                                                                           *
*****************************************************************************

Job ID: 13086627
Cluster: finisterrae3
User/Group: curso342/ulc
State: COMPLETED (exit code 0)
Nodes: 1
Cores per node: 32
CPU Utilized: 11:07:49
CPU Efficiency: 97.29% of 11:26:24 core-walltime
Job Wall-clock time: 00:21:27
Memory Utilized: 8.34 GB
Memory Efficiency: 26.07% of 32.00 GB

 +++++++++++++++++++++++++++++++++++++++++++++++++++++++++++++++++++++++++++
 ++   Memory Efficiency is too small. Please review the requested memory. ++
 ++ It seems that you do not need that much memory so we recommend        ++
 ++ requesting less memory in other similar jobs.                         ++
 +++++++++++++++++++++++++++++++++++++++++++++++++++++++++++++++++++++++++++
 
*****************************************************************************

