slurmstepd: info: Setting TMPDIR to /scratch/13085867. Previous errors about TMPDIR can be discarded
dwi_sin
[
    {
        'scaler': [None, StandardScaler()],
        'pca': [None, PCA(n_components=0.95)],
        'regressor__kernel': ['poly'],
        'regressor__C': [0.1, 1.0, 10.0, 100.0],
        'regressor__epsilon': [0.01, 0.1, 0.2, 1]
    }
]
[-0.50782385 -0.4952407  -0.50611943 -0.49272791 -0.50740315 -0.49364212
 -0.71634879 -0.71634879 -0.48188274 -0.54912458 -0.48125389 -0.55014712
 -0.48209761 -0.53043023 -0.71634879 -0.71634879 -0.49699341 -0.72098373
 -0.49082588 -0.68351509 -0.49063269 -0.68967004 -0.71634879 -0.71634879
 -0.55384447 -1.6094519  -0.54422123 -1.49828534 -0.55041596 -1.49369792
 -0.71634879 -0.71634879 -0.58320685 -0.48723398 -0.58344034 -0.48609762
 -0.58301327 -0.48672802 -0.71634879 -0.71634879 -0.5260578  -0.52345551
 -0.52776    -0.51171371 -0.52928399 -0.51930172 -0.71634879 -0.71634879
 -0.50228954 -0.80026459 -0.49722903 -0.66340424 -0.49326691 -0.65566786
 -0.71634879 -0.71634879 -0.50579484 -1.36711123 -0.49906784 -1.13890573
 -0.49273629 -0.89752453 -0.71634879 -0.71634879]
[0.0736744  0.06867439 0.07273679 0.06604838 0.06970571 0.06114075
 0.01232881 0.01232881 0.06971109 0.13297931 0.06905711 0.13374276
 0.06484844 0.09329361 0.01232881 0.01232881 0.07580361 0.22211651
 0.06862655 0.17552229 0.05846607 0.20702278 0.01232881 0.01232881
 0.09012889 1.27865252 0.0813558  1.12686535 0.07508697 1.11208929
 0.01232881 0.01232881 0.04796081 0.06240337 0.04844893 0.06173415
 0.0489077  0.05872096 0.01232881 0.01232881 0.04452563 0.11497556
 0.04512922 0.09555229 0.04486703 0.12380165 0.01232881 0.01232881
 0.05647801 0.72084626 0.05636893 0.38034987 0.0514156  0.32833352
 0.01232881 0.01232881 0.05763912 1.9646945  0.05681808 1.38404808
 0.0534156  0.721037   0.01232881 0.01232881]
[21 13 19  9 20 12 41 41  2 30  1 31  3 28 41 41 14 57  8 39  7 40 41 41
 33 64 29 63 32 62 41 41 35  6 36  4 34  5 41 41 25 24 26 22 27 23 41 41
 17 58 15 38 11 37 41 41 18 61 16 60 10 59 41 41]
dwi_cos
[
    {
        'scaler': [None, StandardScaler()],
        'pca': [None, PCA(n_components=0.95)],
        'regressor__kernel': ['poly'],
        'regressor__C': [0.1, 1.0, 10.0, 100.0],
        'regressor__epsilon': [0.01, 0.1, 0.2, 1]
    }
]
[-0.46027456 -0.45280774 -0.45786846 -0.45290904 -0.45971203 -0.44682024
 -0.56290771 -0.56290771 -0.4394621  -0.54134956 -0.43858649 -0.5155853
 -0.43982652 -0.50092578 -0.56290771 -0.56290771 -0.44714079 -0.91380226
 -0.44309119 -0.92727374 -0.44515274 -0.77086809 -0.56290771 -0.56290771
 -0.52941457 -2.11551339 -0.52742001 -1.89501162 -0.52883467 -1.55182291
 -0.56290771 -0.56290771 -0.51240787 -0.44479348 -0.50829884 -0.43989205
 -0.50727614 -0.4444326  -0.56290771 -0.56290771 -0.47635236 -0.49250096
 -0.47235248 -0.48716172 -0.47138361 -0.51060326 -0.56290771 -0.56290771
 -0.44111102 -0.57848678 -0.43727844 -0.56592648 -0.43626252 -0.58040411
 -0.56290771 -0.56290771 -0.44409736 -0.72392338 -0.44360823 -0.73027358
 -0.43529858 -0.65454342 -0.56290771 -0.56290771]
[0.06932026 0.06375836 0.06545799 0.07979928 0.0663182  0.06873468
 0.05001419 0.05001419 0.06765425 0.22067266 0.06694907 0.1767295
 0.07054816 0.15618135 0.05001419 0.05001419 0.06966445 0.87053428
 0.06560421 1.01733345 0.06624382 0.63787145 0.05001419 0.05001419
 0.13627401 3.03681166 0.13481415 2.73879781 0.13980436 1.96624807
 0.05001419 0.05001419 0.04605161 0.04338196 0.05221934 0.04218451
 0.06152161 0.06342317 0.05001419 0.05001419 0.0391681  0.11222722
 0.04245651 0.10704992 0.04924664 0.20812769 0.05001419 0.05001419
 0.04491154 0.21938748 0.04247597 0.23575831 0.0415385  0.30733671
 0.05001419 0.05001419 0.05201472 0.38634386 0.05127049 0.40927003
 0.04587818 0.28213634 0.05001419 0.05001419]
[21 17 19 18 20 15 37 37  5 36  4 32  6 27 37 37 16 60  9 61 14 59 37 37
 35 64 33 63 34 62 37 37 31 13 29  7 28 12 37 37 24 26 23 25 22 30 37 37
  8 54  3 53  2 55 37 37 11 57 10 58  1 56 37 37]
wind_max
[
    {
        'scaler': [None, StandardScaler()],
        'pca': [None, PCA(n_components=0.95)],
        'regressor__kernel': ['poly'],
        'regressor__C': [0.1, 1.0, 10.0, 100.0],
        'regressor__epsilon': [0.01, 0.1, 0.2, 1]
    }
]
[-2.54037481 -2.57057992 -2.54138983 -2.56668784 -2.53794208 -2.56804091
 -2.50097385 -2.55878372 -2.45042451 -2.53096041 -2.44468891 -2.5362603
 -2.43902659 -2.54150269 -2.40700636 -2.5616728  -2.45442583 -2.91419216
 -2.45402268 -2.91121887 -2.45365523 -2.8778184  -2.46419221 -3.11591212
 -2.64149967 -4.16395339 -2.63167844 -4.10406562 -2.6234969  -4.09322644
 -2.64230444 -4.59666066 -2.87118993 -2.58008461 -2.86955444 -2.57317556
 -2.85835617 -2.57124016 -2.82380005 -2.56281756 -2.53975551 -2.61365719
 -2.54351874 -2.60810257 -2.54107042 -2.59083346 -2.52191212 -2.63408592
 -2.50758614 -2.48138923 -2.50320453 -2.48282408 -2.49988875 -2.54425667
 -2.48656119 -3.14318378 -2.50610034 -3.58160332 -2.49765995 -3.43263149
 -2.48834844 -3.49331458 -2.47471956 -3.80290351]
[0.49107133 0.43788169 0.49155322 0.43855539 0.49390972 0.4396186
 0.47473517 0.43838609 0.47949599 0.52731432 0.47822006 0.52490943
 0.47434288 0.52326282 0.44476026 0.50840521 0.53218198 0.81720603
 0.5320436  0.84942335 0.53240879 0.79394878 0.53255285 1.48431719
 0.73471882 1.53102412 0.72426149 1.46607293 0.71232233 1.50733289
 0.74480955 3.38535439 0.697075   0.4915855  0.69060499 0.48818245
 0.68178983 0.48369448 0.5972128  0.46798237 0.49670522 0.74602051
 0.49908015 0.73792009 0.4935325  0.70071878 0.46694846 0.76967686
 0.52919945 0.4784804  0.52391277 0.49122949 0.51862407 0.59264501
 0.4943572  1.96799006 0.57707948 2.60665278 0.5667822  2.24477828
 0.55828678 2.5597799  0.5276677  3.05046116]
[25 36 27 34 23 35 16 31  4 21  3 22  2 28  1 32  7 54  6 53  5 52  8 55
 46 63 44 62 43 61 47 64 51 39 50 38 49 37 48 33 24 42 29 41 26 40 20 45
 19 10 17 11 15 30 12 56 18 59 14 57 13 58  9 60]
wind_med
[
    {
        'scaler': [None, StandardScaler()],
        'pca': [None, PCA(n_components=0.95)],
        'regressor__kernel': ['poly'],
        'regressor__C': [0.1, 1.0, 10.0, 100.0],
        'regressor__epsilon': [0.01, 0.1, 0.2, 1]
    }
]
[-2.19335849 -2.26126986 -2.18970593 -2.26003222 -2.18724249 -2.25619782
 -2.15897894 -2.25776998 -2.12587318 -2.32519558 -2.12682924 -2.31812831
 -2.13055638 -2.30927935 -2.09999086 -2.2425377  -2.19481038 -2.89195741
 -2.18856915 -2.87277892 -2.18414842 -2.90850755 -2.15912021 -2.76852388
 -2.35021294 -3.93715575 -2.34362677 -4.04418823 -2.33388461 -4.03381473
 -2.286279   -4.01822666 -2.49930595 -2.27676607 -2.49541079 -2.27394706
 -2.49297956 -2.27045091 -2.4650216  -2.25978431 -2.23901926 -2.33966622
 -2.23995447 -2.34916719 -2.23876071 -2.3416461  -2.21782438 -2.27766528
 -2.20981963 -2.81561132 -2.21112579 -2.70871133 -2.21718527 -2.70504075
 -2.1895756  -2.37178697 -2.19326122 -2.66904534 -2.18825961 -2.76089531
 -2.20864049 -2.68983219 -2.16986301 -2.63331067]
[0.49934879 0.47746072 0.49602699 0.47741702 0.49443598 0.47311367
 0.48138815 0.45178974 0.47453993 0.64049172 0.47215979 0.61934616
 0.47367455 0.60823678 0.45532185 0.49869988 0.57546482 1.31450395
 0.5722485  1.28491975 0.56541271 1.36194641 0.52382872 1.16389131
 0.7506407  1.74292196 0.7335389  2.12822552 0.71086543 2.22742927
 0.67182356 2.502029   0.63560854 0.51217788 0.62805556 0.50684511
 0.62012917 0.5009506  0.58065703 0.47351348 0.48642494 0.78783799
 0.48509778 0.81447388 0.4840621  0.78893732 0.46650481 0.65496743
 0.51484011 1.95224065 0.51882925 1.64195435 0.52591967 1.64310255
 0.49693647 0.66501745 0.54549904 0.84297163 0.53151323 0.95732093
 0.54687892 0.87958591 0.51997025 0.74176308]
[15 30 13 29  9 26  5 27  2 38  3 37  4 36  1 25 16 59 11 58  8 60  6 56
 44 61 42 64 39 63 35 62 49 33 48 32 47 31 46 28 23 40 24 43 22 41 21 34
 18 57 19 54 20 53 12 45 14 51 10 55 17 52  7 50]
shww_max
[
    {
        'scaler': [None, StandardScaler()],
        'pca': [None, PCA(n_components=0.95)],
        'regressor__kernel': ['poly'],
        'regressor__C': [0.1, 1.0, 10.0, 100.0],
        'regressor__epsilon': [0.01, 0.1, 0.2, 1]
    }
]
[-0.94433811 -0.94311833 -0.93751219 -0.93714388 -0.93162268 -0.9327265
 -1.01226409 -1.02535268 -0.95775884 -1.03228782 -0.95266898 -1.01131801
 -0.94146349 -0.98993989 -1.0168919  -1.05167992 -0.97798396 -1.26520675
 -0.97644491 -1.27195401 -0.96504482 -1.26899844 -1.03981518 -1.31057487
 -1.1309999  -2.16026481 -1.11505811 -2.23879091 -1.08717788 -2.11890192
 -1.12103623 -1.85633999 -0.97821613 -0.95373959 -0.97769979 -0.94419591
 -0.97857531 -0.93764544 -1.07271835 -1.02780065 -0.96561356 -0.97276238
 -0.96178409 -0.96824349 -0.95589428 -0.96176091 -1.04676322 -1.03924432
 -0.95638317 -1.13768797 -0.94987005 -1.18357312 -0.9426234  -1.16642613
 -1.01406651 -1.18615549 -0.94366915 -1.64631739 -0.94102645 -1.69784495
 -0.93736652 -1.60464396 -1.00415788 -1.91605899]
[0.42787885 0.39526427 0.42215445 0.39492965 0.42457662 0.3933896
 0.35892819 0.33775149 0.44173841 0.4529662  0.44128482 0.43089398
 0.43286741 0.41386053 0.36218965 0.39250372 0.467541   0.57402529
 0.46885435 0.57439516 0.46266805 0.5777702  0.40118411 0.65132683
 0.64497311 1.17431061 0.62885634 1.33447897 0.60969934 1.29912248
 0.48705509 1.34153467 0.39984218 0.40117939 0.40221692 0.40147662
 0.40182797 0.39907929 0.34805735 0.34210095 0.40362679 0.40587185
 0.40323221 0.4078793  0.4031404  0.42278614 0.35230213 0.38345548
 0.40810838 0.48303655 0.40626846 0.5394151  0.40140285 0.52153231
 0.36249066 0.45529442 0.3947979  1.05403522 0.39949185 1.21873404
 0.40190048 1.14142412 0.38346041 1.7206862 ]
[13 10  5  3  1  2 34 37 19 39 15 33  8 31 36 43 28 53 26 55 22 54 41 56
 48 63 46 64 45 62 47 60 29 16 27 12 30  6 44 38 23 25 21 24 17 20 42 40
 18 49 14 51  9 50 35 52 11 58  7 59  4 57 32 61]
shww_med
[
    {
        'scaler': [None, StandardScaler()],
        'pca': [None, PCA(n_components=0.95)],
        'regressor__kernel': ['poly'],
        'regressor__C': [0.1, 1.0, 10.0, 100.0],
        'regressor__epsilon': [0.01, 0.1, 0.2, 1]
    }
]
[-0.70969074 -0.71641975 -0.70123169 -0.71090916 -0.7000196  -0.7112716
 -0.903093   -0.90694201 -0.71708054 -0.78835631 -0.70777363 -0.76962494
 -0.70539154 -0.76485598 -0.91619032 -0.92479191 -0.7442931  -1.01763677
 -0.73630442 -1.04932394 -0.72949074 -1.06749798 -0.94590722 -1.04995301
 -0.85990984 -1.8679721  -0.84200847 -2.01390076 -0.82432814 -2.028749
 -0.96815875 -1.40704753 -0.73614066 -0.71906367 -0.73499125 -0.7180136
 -0.73718459 -0.71977228 -0.94583673 -0.90849477 -0.72710404 -0.73874492
 -0.7252184  -0.73820288 -0.72288845 -0.73841878 -0.92186705 -0.90607701
 -0.72013805 -0.89159051 -0.71901407 -0.90249719 -0.72395992 -0.8477649
 -0.89085072 -0.97717726 -0.71458606 -1.13920495 -0.71141533 -1.20135705
 -0.71729149 -1.23438343 -0.86496453 -1.86015081]
[0.36458686 0.34547872 0.35780377 0.34012007 0.35540134 0.3393046
 0.2500036  0.2589914  0.37121511 0.3877885  0.3635759  0.38101134
 0.35989247 0.38235952 0.25740231 0.3157492  0.39919996 0.5523416
 0.40089328 0.60353475 0.39505721 0.6476513  0.30353865 0.47094721
 0.5260521  1.22006969 0.51643309 1.65155139 0.50126228 1.78190485
 0.40442597 0.8600344  0.33069112 0.34217709 0.33387848 0.34457069
 0.33630125 0.34641558 0.24492242 0.27285121 0.33619942 0.34419919
 0.33803978 0.34884642 0.34150355 0.34945913 0.25894458 0.31706492
 0.34456326 0.41977568 0.34571986 0.44492177 0.35473759 0.38820253
 0.28253071 0.37916914 0.34394733 0.79671451 0.3424009  0.91499148
 0.35430621 0.92165957 0.30264951 1.8547255 ]
[ 5 10  2  6  1  7 42 44 11 33  4 32  3 31 46 48 30 53 25 54 22 56 50 55
 37 62 35 63 34 64 51 60 24 15 23 13 26 16 49 45 21 29 20 27 18 28 47 43
 17 40 14 41 19 36 39 52  9 57  8 58 12 59 38 61]
mdts_sin
[
    {
        'scaler': [None, StandardScaler()],
        'pca': [None, PCA(n_components=0.95)],
        'regressor__kernel': ['poly'],
        'regressor__C': [0.1, 1.0, 10.0, 100.0],
        'regressor__epsilon': [0.01, 0.1, 0.2, 1]
    }
]
[-0.0871634  -0.1157157  -0.11193025 -0.10786684 -0.09678856 -0.1091088
 -0.39929414 -0.39929414 -0.08836281 -0.1829675  -0.10968181 -0.1213365
 -0.10786457 -0.12574699 -0.39929414 -0.39929414 -0.09406407 -0.27379941
 -0.11538305 -0.21314148 -0.12757082 -0.15154933 -0.39929414 -0.39929414
 -0.1147174  -0.38525214 -0.15197707 -0.25638368 -0.16521045 -0.15156328
 -0.39929414 -0.39929414 -0.08843425 -0.11190137 -0.13176755 -0.11202806
 -0.10213899 -0.1101484  -0.39929414 -0.39929414 -0.08829386 -0.16418399
 -0.12772765 -0.12517986 -0.11291578 -0.14532086 -0.39929414 -0.39929414
 -0.08823375 -0.22481597 -0.12192177 -0.20032919 -0.12646524 -0.23345519
 -0.39929414 -0.39929414 -0.08877891 -0.29688063 -0.12021847 -0.340835
 -0.13523988 -0.49371881 -0.39929414 -0.39929414]
[0.0560614  0.08877787 0.04689018 0.04138052 0.05090035 0.0404429
 0.05060779 0.05060779 0.05510958 0.19743497 0.04607913 0.04932117
 0.0488463  0.04391763 0.05060779 0.05060779 0.05216035 0.22848025
 0.04320699 0.15120289 0.04277436 0.05468867 0.05060779 0.05060779
 0.04761619 0.24805116 0.05535044 0.20900254 0.05367735 0.05470238
 0.05060779 0.05060779 0.05621459 0.08806866 0.04602442 0.04967284
 0.05311254 0.0406351  0.05060779 0.05060779 0.05640446 0.21340594
 0.04706152 0.06709172 0.05299633 0.08278809 0.05060779 0.05060779
 0.05640065 0.35749617 0.04865299 0.1818251  0.05477015 0.28089642
 0.05060779 0.05060779 0.05601946 0.51940191 0.04968864 0.39211784
 0.05398701 0.67420416 0.05060779 0.05060779]
[ 1 21 16 11  8 12 48 48  4 38 13 23 10 26 48 48  7 44 20 40 28 33 48 48
 19 47 35 43 37 34 48 48  5 15 30 17  9 14 48 48  3 36 29 25 18 32 48 48
  2 41 24 39 27 42 48 48  6 45 22 46 31 64 48 48]
mdts_cos
[
    {
        'scaler': [None, StandardScaler()],
        'pca': [None, PCA(n_components=0.95)],
        'regressor__kernel': ['poly'],
        'regressor__C': [0.1, 1.0, 10.0, 100.0],
        'regressor__epsilon': [0.01, 0.1, 0.2, 1]
    }
]
[-0.09816428 -0.1306195  -0.11381812 -0.11841761 -0.13587465 -0.12985819
 -0.2112394  -0.2112394  -0.09875843 -0.240012   -0.11317933 -0.15744332
 -0.13789506 -0.14714864 -0.2112394  -0.2112394  -0.10430213 -0.37262418
 -0.12629835 -0.21756891 -0.14208535 -0.15978166 -0.2112394  -0.2112394
 -0.12614161 -0.35804367 -0.15755147 -0.36697364 -0.16338582 -0.17136006
 -0.2112394  -0.2112394  -0.09849306 -0.12207914 -0.12817891 -0.1205046
 -0.1513065  -0.14065585 -0.2112394  -0.2112394  -0.09854635 -0.21560502
 -0.12552156 -0.15919171 -0.15019635 -0.15269534 -0.2112394  -0.2112394
 -0.09858714 -0.33313952 -0.12198054 -0.27171517 -0.15029825 -0.20893694
 -0.2112394  -0.2112394  -0.09905154 -0.45929799 -0.12166332 -0.39116251
 -0.15433844 -0.39161647 -0.2112394  -0.2112394 ]
[0.052864   0.10432301 0.03421622 0.0415151  0.03006881 0.02819842
 0.01477423 0.01477423 0.05211298 0.32195729 0.03493884 0.08995554
 0.03132339 0.03115188 0.01477423 0.01477423 0.04933985 0.50420829
 0.03565301 0.12877758 0.03387098 0.04025932 0.01477423 0.01477423
 0.04592299 0.16927697 0.05120008 0.39465737 0.03324174 0.04913005
 0.01477423 0.01477423 0.05313684 0.08963611 0.03063327 0.0472771
 0.02519179 0.03705398 0.01477423 0.01477423 0.05303841 0.3110811
 0.03235071 0.12448118 0.02796632 0.04400666 0.01477423 0.01477423
 0.05301904 0.60519263 0.03843687 0.31364134 0.03090926 0.15996019
 0.01477423 0.01477423 0.05277271 0.90752692 0.04207082 0.51530464
 0.03485495 0.6113034  0.01477423 0.01477423]
[ 1 20  9 10 21 19 38 38  5 56  8 31 22 25 38 38  7 61 17 55 24 34 38 38
 16 59 32 60 35 36 38 38  2 14 18 11 28 23 38 38  3 54 15 33 26 29 38 38
  4 58 13 57 27 37 38 38  6 64 12 62 30 63 38 38]
shts_max
[
    {
        'scaler': [None, StandardScaler()],
        'pca': [None, PCA(n_components=0.95)],
        'regressor__kernel': ['poly'],
        'regressor__C': [0.1, 1.0, 10.0, 100.0],
        'regressor__epsilon': [0.01, 0.1, 0.2, 1]
    }
]
[-0.7294199  -0.62963146 -0.73075709 -0.62615265 -0.73269629 -0.62316207
 -0.79765679 -0.70526673 -0.65397993 -0.69118845 -0.64981748 -0.65413813
 -0.64687959 -0.63400457 -0.7601247  -0.71285777 -0.62924606 -1.1851071
 -0.62357899 -1.03025258 -0.61619902 -0.87937942 -0.75221408 -0.79759571
 -0.69496826 -1.99497002 -0.67904401 -2.04354696 -0.66315245 -1.73323215
 -0.78384607 -0.97675303 -0.80674996 -0.61019732 -0.81216138 -0.61420658
 -0.82295774 -0.61746891 -0.84717356 -0.69380316 -0.74755503 -0.67573942
 -0.73812531 -0.66546804 -0.7355819  -0.66259752 -0.77473736 -0.69113338
 -0.68708571 -0.77822585 -0.68025408 -0.81334248 -0.66603762 -0.88502717
 -0.73561298 -0.83728565 -0.69696737 -1.05786748 -0.67235881 -1.20610436
 -0.66355742 -1.37067386 -0.70958232 -1.17797667]
[0.19519264 0.18009738 0.20463138 0.1757316  0.22255158 0.1736284
 0.14003683 0.113444   0.19967337 0.24039932 0.20109816 0.19789074
 0.20471046 0.18172216 0.14311533 0.15510936 0.23913468 1.19209976
 0.2279187  0.81150122 0.21976627 0.39371098 0.1759564  0.19573294
 0.30484851 2.06300296 0.29457655 2.37737732 0.28163973 1.6122446
 0.25550459 0.27594073 0.3093591  0.156213   0.30501982 0.16050454
 0.29503006 0.16174722 0.19361864 0.10654417 0.32029802 0.27619234
 0.30544091 0.24549581 0.2946653  0.25568514 0.15699    0.144193
 0.2794849  0.38096789 0.27097907 0.48945993 0.24858259 0.71783178
 0.19956558 0.31629291 0.30076591 0.71712256 0.26073534 0.99641405
 0.24920539 1.36864983 0.21617522 0.71506341]
[33  9 34  7 35  5 46 30 13 26 12 14 11 10 41 32  8 59  6 56  3 53 40 45
 28 63 22 64 16 62 44 55 47  1 48  2 50  4 52 27 39 21 38 18 36 15 42 25
 24 43 23 49 19 54 37 51 29 57 20 60 17 61 31 58]
shts_med
[
    {
        'scaler': [None, StandardScaler()],
        'pca': [None, PCA(n_components=0.95)],
        'regressor__kernel': ['poly'],
        'regressor__C': [0.1, 1.0, 10.0, 100.0],
        'regressor__epsilon': [0.01, 0.1, 0.2, 1]
    }
]
[-0.62954609 -0.55507666 -0.6302158  -0.5498671  -0.63154483 -0.54887994
 -0.69396378 -0.61289724 -0.5673897  -0.61074393 -0.56843933 -0.59657167
 -0.56753951 -0.58213253 -0.6708215  -0.61574981 -0.54753485 -0.95059153
 -0.5451079  -0.94111667 -0.54550918 -0.9130692  -0.6543067  -0.67397397
 -0.62077333 -1.73445855 -0.60621141 -1.76836023 -0.5864055  -1.59311983
 -0.66219515 -0.82504315 -0.70164361 -0.5454422  -0.70271039 -0.54798707
 -0.7092833  -0.5485682  -0.74173886 -0.60171042 -0.64809785 -0.58507226
 -0.64369157 -0.58162429 -0.64040964 -0.61940125 -0.67666293 -0.58860259
 -0.59151617 -0.69922543 -0.60037134 -0.73907155 -0.59720278 -0.8368473
 -0.64570506 -0.696383   -0.59271943 -1.13283979 -0.59234085 -1.12788454
 -0.59190936 -1.33234865 -0.61910759 -1.0165093 ]
[0.15512261 0.14668611 0.16428817 0.14283498 0.17332282 0.13666308
 0.1266037  0.10800362 0.15150311 0.18517659 0.15161334 0.1709896
 0.15199259 0.16260913 0.14267505 0.13305337 0.17720435 0.71910391
 0.17322015 0.76056447 0.17068608 0.65772285 0.15428346 0.16021109
 0.25542441 1.55664017 0.24072971 1.79178026 0.22964888 1.58092576
 0.19195494 0.27399407 0.25906549 0.13093415 0.24558667 0.135602
 0.22982892 0.13580955 0.18885343 0.09931817 0.26601546 0.16667752
 0.25879528 0.17666602 0.24688199 0.28122831 0.1623314  0.09686131
 0.21771545 0.20448021 0.23579737 0.32703748 0.23227189 0.62910192
 0.18328771 0.18019566 0.2206423  0.81425054 0.22580092 0.81550649
 0.22683824 1.25049005 0.18674849 0.45689814]
[33  9 34  8 35  7 45 28 10 27 12 22 11 14 42 29  4 57  1 56  3 55 40 43
 32 63 26 64 16 62 41 53 48  2 49  5 50  6 52 25 39 15 37 13 36 31 44 17
 18 47 24 51 23 54 38 46 21 60 20 59 19 61 30 58]

*****************************************************************************
*                                                                           *
*                    JOB EFFICIENCY REPORT (seff 13085867)                   *
*                                                                           *
*****************************************************************************

Job ID: 13085867
Cluster: finisterrae3
User/Group: curso342/ulc
State: COMPLETED (exit code 0)
Nodes: 1
Cores per node: 32
CPU Utilized: 3-01:32:25
CPU Efficiency: 74.40% of 4-02:50:40 core-walltime
Job Wall-clock time: 03:05:20
Memory Utilized: 11.17 GB
Memory Efficiency: 69.80% of 16.00 GB

 +++++++++++++++++++++++++++++++++++++++++++++++++++++++++++++++++++++++++++
 ++   Memory Efficiency is too small. Please review the requested memory. ++
 ++ It seems that you do not need that much memory so we recommend        ++
 ++ requesting less memory in other similar jobs.                         ++
 +++++++++++++++++++++++++++++++++++++++++++++++++++++++++++++++++++++++++++
 
*****************************************************************************

