slurmstepd: info: Setting TMPDIR to /scratch/13086521. Previous errors about TMPDIR can be discarded
dwi_sin
[
    {
        'scaler': [None, StandardScaler()],
        'pca': [None, PCA(n_components=0.95)],
        'regressor__kernel': ['poly'],
        'regressor__C': [0.1, 1.0, 10.0, 100.0],
        'regressor__epsilon': [0.01, 0.1, 0.2, 1],
        'regressor__degree': [2]
    }
]
[-0.4741843  -0.55343665 -0.47356744 -0.55332454 -0.47327102 -0.55149312
 -0.71634879 -0.71634879 -0.47284903 -0.53349227 -0.47157337 -0.53597822
 -0.46895599 -0.53922375 -0.71634879 -0.71634879 -0.47934659 -0.60061407
 -0.47579136 -0.59118935 -0.47154599 -0.59126011 -0.71634879 -0.71634879
 -0.49464534 -0.81415874 -0.49037436 -0.79555612 -0.48563305 -0.80176678
 -0.71634879 -0.71634879 -0.64367902 -0.56199751 -0.64305098 -0.56110103
 -0.64402343 -0.55942858 -0.71634879 -0.71634879 -0.61316238 -0.54787729
 -0.61301567 -0.54435357 -0.61292621 -0.54031996 -0.71634879 -0.71634879
 -0.61588082 -0.55827582 -0.61563191 -0.55538232 -0.61378346 -0.54959637
 -0.71634879 -0.71634879 -0.61885668 -0.56686948 -0.61760568 -0.56181077
 -0.61547296 -0.55373039 -0.71634879 -0.71634879]
[0.06711913 0.05973597 0.06633899 0.05895613 0.06493573 0.05548816
 0.01232881 0.01232881 0.0695937  0.08144226 0.06848906 0.08650716
 0.06581831 0.09143285 0.01232881 0.01232881 0.07240673 0.11921793
 0.06879432 0.13054776 0.06313325 0.12444377 0.01232881 0.01232881
 0.07280718 0.29151285 0.06848366 0.2933248  0.06236578 0.27672571
 0.01232881 0.01232881 0.03714958 0.0485467  0.03543747 0.04865751
 0.03376847 0.04547276 0.01232881 0.01232881 0.04569657 0.06760213
 0.04573499 0.06468077 0.04659883 0.06190455 0.01232881 0.01232881
 0.0585859  0.06870402 0.05583524 0.069284   0.05386852 0.06674069
 0.01232881 0.01232881 0.06140746 0.07357292 0.05875385 0.073133
 0.05609737 0.0694209  0.01232881 0.01232881]
[ 7 22  6 21  5 20 46 46  4 13  3 14  1 15 46 46  9 33  8 31  2 32 46 46
 12 64 11 62 10 63 46 46 44 29 43 27 45 26 46 46 36 18 35 17 34 16 46 46
 40 25 39 24 37 19 46 46 42 30 41 28 38 23 46 46]
dwi_cos
[
    {
        'scaler': [None, StandardScaler()],
        'pca': [None, PCA(n_components=0.95)],
        'regressor__kernel': ['poly'],
        'regressor__C': [0.1, 1.0, 10.0, 100.0],
        'regressor__epsilon': [0.01, 0.1, 0.2, 1],
        'regressor__degree': [2]
    }
]
[-0.42407649 -0.49064652 -0.42317757 -0.48958007 -0.42292267 -0.48671209
 -0.56290771 -0.56290771 -0.41727528 -0.46230791 -0.41644737 -0.46767382
 -0.41465905 -0.46499372 -0.56290771 -0.56290771 -0.41917573 -0.52240437
 -0.41779558 -0.51603783 -0.41642693 -0.5073729  -0.56290771 -0.56290771
 -0.4418206  -0.80291265 -0.43955968 -0.80464458 -0.4404315  -0.76045207
 -0.56290771 -0.56290771 -0.53504754 -0.509654   -0.52860908 -0.50532832
 -0.52797247 -0.50349292 -0.56290771 -0.56290771 -0.52238058 -0.49287755
 -0.51648361 -0.48757865 -0.51595481 -0.48332493 -0.56290771 -0.56290771
 -0.52064712 -0.48749754 -0.51747484 -0.48799265 -0.51774313 -0.48344942
 -0.56290771 -0.56290771 -0.52046794 -0.49622321 -0.51820243 -0.49538408
 -0.51828683 -0.48845434 -0.56290771 -0.56290771]
[0.05137986 0.05451759 0.04943293 0.057323   0.0473265  0.06149975
 0.05001419 0.05001419 0.05496194 0.06455007 0.05328162 0.07960498
 0.05050213 0.07970337 0.05001419 0.05001419 0.05047796 0.13234284
 0.04891391 0.12494647 0.04767774 0.09334996 0.05001419 0.05001419
 0.05320436 0.33026829 0.05405857 0.37114381 0.05196343 0.33345793
 0.05001419 0.05001419 0.05364288 0.05064558 0.06283906 0.05152177
 0.07449898 0.05541002 0.05001419 0.05001419 0.0558396  0.07332464
 0.05848581 0.06485337 0.06501392 0.0647452  0.05001419 0.05001419
 0.0595441  0.07127961 0.06276988 0.07024319 0.06826814 0.07166269
 0.05001419 0.05001419 0.06015682 0.08552637 0.06428298 0.07407683
 0.06915625 0.07257552 0.05001419 0.05001419]
[ 9 24  8 23  7 18 46 46  4 13  3 15  1 14 46 46  6 42  5 33  2 30 46 46
 12 63 10 64 11 62 46 46 45 31 44 29 43 28 46 46 41 25 34 20 32 16 46 46
 40 19 35 21 36 17 46 46 39 27 37 26 38 22 46 46]
wind_max
[
    {
        'scaler': [None, StandardScaler()],
        'pca': [None, PCA(n_components=0.95)],
        'regressor__kernel': ['poly'],
        'regressor__C': [0.1, 1.0, 10.0, 100.0],
        'regressor__epsilon': [0.01, 0.1, 0.2, 1],
        'regressor__degree': [2]
    }
]
[-2.43047796 -3.25243297 -2.42979023 -3.25052528 -2.43055643 -3.24602849
 -2.40765835 -3.23490809 -2.36473025 -3.04075785 -2.36314257 -3.0438665
 -2.36031859 -3.04078436 -2.34587165 -3.01982757 -2.31276429 -3.19682369
 -2.31508984 -3.1840123  -2.31474455 -3.17665204 -2.31094609 -3.09657308
 -2.32965811 -3.5073909  -2.32862061 -3.50323803 -2.33395716 -3.47880242
 -2.34484698 -3.36585592 -3.1712856  -3.28848905 -3.16909602 -3.28336508
 -3.16780942 -3.28131015 -3.18651405 -3.27534082 -3.07723674 -3.17313501
 -3.07567769 -3.17304052 -3.07342087 -3.17445856 -3.03062782 -3.12441365
 -3.04230011 -3.20241912 -3.03742665 -3.19047166 -3.03309767 -3.18001394
 -2.98432522 -3.11066351 -3.0574315  -3.29410322 -3.0472289  -3.28462056
 -3.0448199  -3.28869285 -2.98917079 -3.13733468]
[0.48650805 0.52539316 0.48514693 0.51681262 0.48583719 0.51401056
 0.47102273 0.50763362 0.46689655 0.68285527 0.46559441 0.68710834
 0.46627623 0.67453244 0.44167941 0.64810738 0.43862511 0.87736673
 0.4387545  0.87855533 0.43784112 0.89173293 0.41853652 0.86415407
 0.45652485 0.96125816 0.45729352 0.96431317 0.45594862 0.95610145
 0.43872996 0.84959734 0.50299027 0.52543089 0.50216086 0.52101337
 0.50406967 0.52242582 0.52067824 0.52279787 0.49167805 0.6769732
 0.49697407 0.67871201 0.50745277 0.68512917 0.4858671  0.62844856
 0.47907736 0.87071844 0.47159215 0.8584425  0.46655309 0.84692665
 0.42968076 0.77649605 0.45508667 1.02344918 0.44321265 0.9996478
 0.44341193 1.03322399 0.41738963 0.85355632]
[15 53 14 52 16 51 13 50 12 23 11 26 10 24  9 19  2 48  4 45  3 43  1 33
  6 64  5 63  7 62  8 61 39 58 38 56 37 55 46 54 32 41 31 40 30 42 20 35
 25 49 22 47 21 44 17 34 29 60 28 57 27 59 18 36]
wind_med
[
    {
        'scaler': [None, StandardScaler()],
        'pca': [None, PCA(n_components=0.95)],
        'regressor__kernel': ['poly'],
        'regressor__C': [0.1, 1.0, 10.0, 100.0],
        'regressor__epsilon': [0.01, 0.1, 0.2, 1],
        'regressor__degree': [2]
    }
]
[-2.11729955 -2.87639735 -2.11699683 -2.87310348 -2.11586323 -2.86225874
 -2.09844156 -2.84129267 -2.06069125 -2.67291531 -2.0606569  -2.6713515
 -2.06109345 -2.67166175 -2.04432293 -2.65139785 -2.03977859 -2.74692273
 -2.03878765 -2.73912977 -2.03540102 -2.74243396 -2.0239054  -2.68405706
 -2.08254546 -3.08710119 -2.08208506 -3.06848957 -2.08263004 -3.04275304
 -2.07111311 -2.93003337 -2.84354406 -2.90843556 -2.84198754 -2.90774469
 -2.84249756 -2.90204371 -2.83506071 -2.88704692 -2.74485081 -2.7709368
 -2.74431961 -2.77436939 -2.74401496 -2.77439818 -2.725344   -2.75113092
 -2.71641726 -2.7879793  -2.71733645 -2.78873755 -2.71784935 -2.78003457
 -2.67608965 -2.67430303 -2.72828838 -2.92395433 -2.72820411 -2.89864208
 -2.72409626 -2.87596692 -2.6798042  -2.69998765]
[0.50102035 0.50260141 0.50107099 0.50392924 0.50159286 0.49619963
 0.49960043 0.48350974 0.4615685  0.56695891 0.46359962 0.57115066
 0.46539752 0.57184065 0.45695055 0.55732571 0.43425299 0.76225419
 0.43543074 0.75069915 0.43292872 0.75160722 0.42313073 0.72869402
 0.47216606 0.89376239 0.47003715 0.88530399 0.47027309 0.87544442
 0.45170002 0.75530751 0.52649704 0.50556058 0.52683689 0.50482893
 0.52972392 0.49800491 0.51997863 0.50277852 0.50481879 0.54536301
 0.50702935 0.54630279 0.50729923 0.55073714 0.50200962 0.55987227
 0.46598948 0.6712047  0.46249878 0.68433105 0.46401207 0.68120327
 0.43477409 0.60269602 0.45138165 0.93939451 0.4473148  0.90050435
 0.44462467 0.87426719 0.42034622 0.63001251]
[16 54 15 52 14 51 13 47  7 20  6 18  8 19  5 17  4 38  3 33  2 34  1 24
 11 64 10 63 12 62  9 61 50 59 48 58 49 57 46 55 37 40 36 41 35 42 30 39
 26 44 27 45 28 43 22 21 32 60 31 56 29 53 23 25]
shww_max
[
    {
        'scaler': [None, StandardScaler()],
        'pca': [None, PCA(n_components=0.95)],
        'regressor__kernel': ['poly'],
        'regressor__C': [0.1, 1.0, 10.0, 100.0],
        'regressor__epsilon': [0.01, 0.1, 0.2, 1],
        'regressor__degree': [2]
    }
]
[-0.90624492 -1.08198559 -0.90385881 -1.075777   -0.90006013 -1.0695454
 -0.96296217 -1.1335684  -0.91075583 -1.05258925 -0.9047402  -1.04514498
 -0.89958875 -1.0378215  -0.97999913 -1.10621295 -0.92992986 -1.09864522
 -0.92630078 -1.08725491 -0.92141644 -1.07544021 -0.99274751 -1.10338479
 -0.94682387 -1.20199621 -0.93768577 -1.22725497 -0.93697444 -1.21183721
 -1.01304412 -1.26263959 -1.10859215 -1.10844833 -1.10196526 -1.10490869
 -1.09502757 -1.09816282 -1.12892117 -1.1414604  -1.09052071 -1.09758746
 -1.08925692 -1.09112884 -1.08516678 -1.07967372 -1.1113627  -1.11813585
 -1.09116846 -1.09037637 -1.09062887 -1.08617646 -1.08571536 -1.08118712
 -1.09877891 -1.11581227 -1.09218856 -1.09268976 -1.09040711 -1.08740549
 -1.08619414 -1.08344452 -1.09749196 -1.11812129]
[0.40258295 0.37104257 0.39981496 0.37182674 0.40160404 0.37007595
 0.36959359 0.31379342 0.40082034 0.39031795 0.39938486 0.38887858
 0.39874839 0.38900625 0.35668569 0.30933274 0.42618848 0.39817212
 0.42297712 0.39798028 0.41864685 0.40930774 0.34143574 0.34495461
 0.4306839  0.43829995 0.42468187 0.4662187  0.42480158 0.46422465
 0.36727883 0.39494087 0.41692696 0.37744233 0.41307405 0.37360222
 0.41023575 0.37277116 0.32721391 0.32349583 0.38469647 0.37983675
 0.38922117 0.38233446 0.39161678 0.3867524  0.32122815 0.32504901
 0.37839551 0.39865893 0.38145582 0.40054047 0.38400841 0.40491188
 0.31207805 0.3312906  0.37852381 0.40325372 0.37960984 0.40090119
 0.38394243 0.408115   0.31106212 0.33589841]
[ 5 25  3 22  2 20 13 59  6 19  4 18  1 17 14 51  9 46  8 31  7 21 15 49
 12 61 11 63 10 62 16 64 53 52 48 50 42 45 58 60 36 44 33 38 27 23 54 57
 39 34 37 29 28 24 47 55 40 41 35 32 30 26 43 56]
shww_med
[
    {
        'scaler': [None, StandardScaler()],
        'pca': [None, PCA(n_components=0.95)],
        'regressor__kernel': ['poly'],
        'regressor__C': [0.1, 1.0, 10.0, 100.0],
        'regressor__epsilon': [0.01, 0.1, 0.2, 1],
        'regressor__degree': [2]
    }
]
[-0.6818263  -0.81284271 -0.67831066 -0.8047038  -0.67658298 -0.79884609
 -0.78723148 -0.91325802 -0.68217748 -0.79161314 -0.67902536 -0.77658826
 -0.67725828 -0.76925289 -0.82742035 -0.92986618 -0.69654666 -0.81571866
 -0.69293149 -0.79761428 -0.6931901  -0.79146576 -0.83382867 -0.93360938
 -0.71738965 -0.93385901 -0.71216944 -0.91866497 -0.70654601 -0.91942904
 -0.86354685 -1.0495283  -0.83016465 -0.8343156  -0.82479726 -0.82794642
 -0.81925139 -0.81970412 -0.89205209 -0.91508701 -0.81912986 -0.81997741
 -0.8129876  -0.81186154 -0.80977503 -0.80390439 -0.88416611 -0.91792189
 -0.81893022 -0.81256575 -0.81179844 -0.81013163 -0.80704305 -0.8044196
 -0.88040515 -0.92769402 -0.81930359 -0.8117854  -0.81221038 -0.8031972
 -0.80749426 -0.80108537 -0.87902104 -0.92839829]
[0.33865517 0.31636676 0.33759496 0.31604982 0.33896156 0.31506367
 0.27176801 0.20335416 0.33762426 0.33047755 0.3375993  0.32506408
 0.33840915 0.32000713 0.26284742 0.21322422 0.35212165 0.33650366
 0.35028017 0.33881214 0.34932415 0.33625556 0.25750622 0.24455937
 0.35821619 0.3761886  0.35703135 0.38419446 0.35171843 0.38958985
 0.29785961 0.33001746 0.34675528 0.31580739 0.34474255 0.31493663
 0.33914406 0.31780107 0.21524778 0.22027651 0.33566222 0.32108672
 0.33018434 0.32412853 0.32789916 0.32215651 0.21679534 0.22830819
 0.33068013 0.32961118 0.32320078 0.33685571 0.32199134 0.33252972
 0.21849565 0.24283732 0.3290204  0.33289834 0.32298534 0.33859812
 0.32140123 0.33645924 0.21980143 0.25623582]
[ 5 34  3 24  1 19 15 54  6 17  4 14  2 13 44 61  9 36  7 18  8 16 47 62
 12 63 11 57 10 58 49 64 46 48 43 45 39 41 53 55 38 42 35 31 27 22 52 56
 37 33 30 28 25 23 51 59 40 29 32 21 26 20 50 60]
mdts_sin
[
    {
        'scaler': [None, StandardScaler()],
        'pca': [None, PCA(n_components=0.95)],
        'regressor__kernel': ['poly'],
        'regressor__C': [0.1, 1.0, 10.0, 100.0],
        'regressor__epsilon': [0.01, 0.1, 0.2, 1],
        'regressor__degree': [2]
    }
]
[-0.08675621 -0.09292655 -0.10388931 -0.11841771 -0.09472719 -0.11382747
 -0.39929414 -0.39929414 -0.08668168 -0.10896805 -0.1010399  -0.11877643
 -0.10540959 -0.13390111 -0.39929414 -0.39929414 -0.08783897 -0.15609193
 -0.10163847 -0.15605528 -0.11395366 -0.16576246 -0.39929414 -0.39929414
 -0.09211196 -0.25736062 -0.10779827 -0.25062708 -0.12965264 -0.19914857
 -0.39929414 -0.39929414 -0.08839331 -0.08758184 -0.13337463 -0.11722685
 -0.09977116 -0.11061774 -0.39929414 -0.39929414 -0.08842683 -0.08823342
 -0.13333371 -0.11336611 -0.11004663 -0.11712625 -0.39929414 -0.39929414
 -0.08843556 -0.08860802 -0.13334769 -0.11430923 -0.11508092 -0.12493024
 -0.39929414 -0.39929414 -0.08842451 -0.08867904 -0.13326339 -0.11439001
 -0.11612346 -0.13193608 -0.39929414 -0.39929414]
[0.05613799 0.05600954 0.04723593 0.04208927 0.05266519 0.04044959
 0.05060779 0.05060779 0.0557904  0.07128972 0.04677217 0.04583754
 0.04620519 0.05350226 0.05060779 0.05060779 0.05460009 0.11897248
 0.04510926 0.08191239 0.04110699 0.0849953  0.05060779 0.05060779
 0.05043993 0.19272715 0.03808165 0.17086454 0.03549852 0.09786519
 0.05060779 0.05060779 0.05627319 0.05509247 0.0452014  0.04011446
 0.05411511 0.03696031 0.05060779 0.05060779 0.05628636 0.05501628
 0.04518535 0.03977628 0.0502935  0.03700174 0.05060779 0.05060779
 0.05628517 0.0552118  0.04518296 0.04148853 0.04966579 0.03605959
 0.05060779 0.05060779 0.05630326 0.05527538 0.04523117 0.04171874
 0.04974974 0.04040753 0.05060779 0.05060779]
[ 2 13 18 33 14 25 49 49  1 21 16 34 19 42 49 49  4 44 17 43 26 45 49 49
 12 48 20 47 36 46 49 49  6  3 41 32 15 23 49 49  8  5 39 24 22 31 49 49
  9 10 40 27 29 35 49 49  7 11 38 28 30 37 49 49]
mdts_cos
[
    {
        'scaler': [None, StandardScaler()],
        'pca': [None, PCA(n_components=0.95)],
        'regressor__kernel': ['poly'],
        'regressor__C': [0.1, 1.0, 10.0, 100.0],
        'regressor__epsilon': [0.01, 0.1, 0.2, 1],
        'regressor__degree': [2]
    }
]
[-0.09800659 -0.10221776 -0.10735669 -0.12754242 -0.12987328 -0.15621295
 -0.2112394  -0.2112394  -0.09777359 -0.12474216 -0.10555579 -0.14531995
 -0.1293902  -0.15834908 -0.2112394  -0.2112394  -0.09829597 -0.17549383
 -0.10717422 -0.19200203 -0.13248155 -0.16851492 -0.2112394  -0.2112394
 -0.10313074 -0.27441319 -0.12235146 -0.24916474 -0.14064503 -0.18000567
 -0.2112394  -0.2112394  -0.09845577 -0.09821688 -0.12936377 -0.11963014
 -0.15203916 -0.15506088 -0.2112394  -0.2112394  -0.09845614 -0.0983253
 -0.12986122 -0.12624004 -0.15508989 -0.15641408 -0.2112394  -0.2112394
 -0.09845731 -0.09836974 -0.12996267 -0.12917584 -0.15460317 -0.16136231
 -0.2112394  -0.2112394  -0.09845923 -0.09841475 -0.12993274 -0.1318843
 -0.15464389 -0.16449507 -0.2112394  -0.2112394 ]
[0.05281458 0.05408938 0.03619899 0.05715431 0.03126346 0.03066567
 0.01477423 0.01477423 0.0524798  0.07947551 0.03746957 0.08797453
 0.03282449 0.04575933 0.01477423 0.01477423 0.05131763 0.13113874
 0.03610076 0.13583506 0.03099101 0.06207714 0.01477423 0.01477423
 0.04643849 0.18479847 0.03313979 0.13677771 0.02856009 0.06394467
 0.01477423 0.01477423 0.05331268 0.05272041 0.0303957  0.03864374
 0.02614299 0.02399452 0.01477423 0.01477423 0.05331277 0.05265172
 0.03154227 0.06008379 0.02625091 0.04402727 0.01477423 0.01477423
 0.05330927 0.05263266 0.03176902 0.06487022 0.02657413 0.05463016
 0.01477423 0.01477423 0.05331109 0.05262266 0.03183838 0.06916604
 0.02681101 0.0605803  0.01477423 0.01477423]
[ 2 12 16 21 26 38 47 47  1 19 14 32 24 40 47 47  4 44 15 46 30 43 47 47
 13 64 18 63 31 45 47 47  8  3 23 17 33 36 47 47  9  5 25 20 37 39 47 47
 10  6 28 22 34 41 47 47 11  7 27 29 35 42 47 47]
shts_max
[
    {
        'scaler': [None, StandardScaler()],
        'pca': [None, PCA(n_components=0.95)],
        'regressor__kernel': ['poly'],
        'regressor__C': [0.1, 1.0, 10.0, 100.0],
        'regressor__epsilon': [0.01, 0.1, 0.2, 1],
        'regressor__degree': [2]
    }
]
[-0.61887029 -0.85309592 -0.61724453 -0.84572491 -0.61725583 -0.85122239
 -0.73664106 -0.86319432 -0.5737963  -0.88158668 -0.57228187 -0.88833938
 -0.57490357 -0.89444862 -0.70539644 -0.87272181 -0.58109868 -1.02530064
 -0.57463359 -1.02056782 -0.57577703 -1.01152257 -0.6814835  -0.95824004
 -0.61433112 -1.33886829 -0.60544286 -1.27842312 -0.60256238 -1.21110048
 -0.67539237 -1.13622141 -0.93460813 -0.89076582 -0.93581224 -0.88437384
 -0.94629434 -0.88721879 -0.94725235 -0.8812637  -0.93028681 -0.95374979
 -0.93436816 -0.95540446 -0.94250768 -0.96042311 -0.92811025 -0.88836562
 -0.93458211 -1.01757015 -0.93760242 -1.02853317 -0.94651685 -1.0369783
 -0.92560124 -0.9260343  -0.93621199 -1.05230927 -0.94036476 -1.0471071
 -0.94912518 -1.06960653 -0.92595188 -0.95497212]
[0.16013333 0.15682809 0.16131239 0.14844616 0.16727466 0.14719122
 0.08344784 0.13030828 0.17171551 0.26253057 0.17068973 0.26784145
 0.17053291 0.27476625 0.09124199 0.18650833 0.17963127 0.45641962
 0.17742839 0.46492773 0.17797477 0.44568706 0.10727814 0.24724211
 0.19702044 0.68202106 0.19075326 0.64486618 0.19012466 0.58693577
 0.1750094  0.41364702 0.16110116 0.16778169 0.16056436 0.15563267
 0.16443727 0.15354624 0.16594225 0.13490344 0.1644698  0.27154957
 0.1624252  0.2797936  0.1592997  0.29345091 0.16080095 0.18518036
 0.15855487 0.35453504 0.1577278  0.36387411 0.15441881 0.36808552
 0.15944565 0.22624928 0.15832791 0.38238046 0.1577574  0.38150348
 0.15345482 0.39230313 0.15932775 0.23629521]
[12 19 10 17 11 18 16 20  2 23  1 26  4 29 15 21  6 55  3 54  5 52 14 50
  9 64  8 63  7 62 13 61 37 28 38 24 43 25 45 22 34 47 35 49 42 51 33 27
 36 53 40 56 44 57 30 32 39 59 41 58 46 60 31 48]
shts_med
[
    {
        'scaler': [None, StandardScaler()],
        'pca': [None, PCA(n_components=0.95)],
        'regressor__kernel': ['poly'],
        'regressor__C': [0.1, 1.0, 10.0, 100.0],
        'regressor__epsilon': [0.01, 0.1, 0.2, 1],
        'regressor__degree': [2]
    }
]
[-0.53809261 -0.7449233  -0.53807743 -0.74142809 -0.54036745 -0.74359403
 -0.64369531 -0.76840543 -0.50819977 -0.78555818 -0.50821238 -0.78534497
 -0.50938754 -0.78738757 -0.60790752 -0.76367024 -0.51514017 -0.94556064
 -0.51093613 -0.92278264 -0.51025269 -0.90294737 -0.5928217  -0.85387793
 -0.54758438 -1.25300658 -0.5392896  -1.19785217 -0.52767254 -1.14994782
 -0.59082194 -0.95668697 -0.81683805 -0.7802415  -0.81751199 -0.77888626
 -0.82758178 -0.78053295 -0.82940498 -0.77739839 -0.81757948 -0.83397512
 -0.81764897 -0.84353663 -0.8239866  -0.84091239 -0.81341924 -0.78008833
 -0.81845775 -0.88977621 -0.82221503 -0.90720531 -0.82835103 -0.91900439
 -0.81504526 -0.81227903 -0.82016223 -0.91772388 -0.82340852 -0.92831128
 -0.82873011 -0.93515988 -0.8148442  -0.83800967]
[0.116914   0.14018471 0.11822686 0.1348721  0.12192958 0.12796807
 0.08233867 0.12612657 0.11908819 0.23178571 0.12114282 0.23779737
 0.12439844 0.24229555 0.08481432 0.17525278 0.14101423 0.46362897
 0.13792905 0.45261918 0.1375321  0.42283639 0.10065366 0.21957539
 0.16068138 0.75688678 0.15322485 0.67389031 0.14466642 0.64648903
 0.14021809 0.26788399 0.14840039 0.14527683 0.14554719 0.14172689
 0.14877504 0.13788548 0.15582209 0.12180784 0.15318878 0.2341976
 0.14785081 0.24778646 0.14291487 0.2476901  0.15213766 0.16199103
 0.14795996 0.28528197 0.1431867  0.31770651 0.13771074 0.32683915
 0.15127226 0.18458609 0.14701237 0.31547002 0.14248731 0.3292251
 0.13619299 0.332553   0.15042755 0.19432592]
[ 9 19  8 17 11 18 16 21  1 28  2 27  3 29 15 20  6 60  5 57  4 53 14 51
 12 64 10 63  7 62 13 61 34 25 35 23 43 26 46 22 36 47 37 50 42 49 31 24
 38 52 40 54 44 56 33 30 39 55 41 58 45 59 32 48]

*****************************************************************************
*                                                                           *
*                    JOB EFFICIENCY REPORT (seff 13086521)                   *
*                                                                           *
*****************************************************************************

Job ID: 13086521
Cluster: finisterrae3
User/Group: curso342/ulc
State: COMPLETED (exit code 0)
Nodes: 1
Cores per node: 32
CPU Utilized: 1-18:40:37
CPU Efficiency: 83.43% of 2-03:09:20 core-walltime
Job Wall-clock time: 01:35:55
Memory Utilized: 10.88 GB
Memory Efficiency: 67.98% of 16.00 GB

 +++++++++++++++++++++++++++++++++++++++++++++++++++++++++++++++++++++++++++
 ++   Memory Efficiency is too small. Please review the requested memory. ++
 ++ It seems that you do not need that much memory so we recommend        ++
 ++ requesting less memory in other similar jobs.                         ++
 +++++++++++++++++++++++++++++++++++++++++++++++++++++++++++++++++++++++++++
 
*****************************************************************************

