slurmstepd: info: Setting TMPDIR to /scratch/13076330. Previous errors about TMPDIR can be discarded
dwi_sin
[
    {
        'regressor': [SVR()],
        'scaler': [None, StandardScaler(), Normalizer()],
        'pca': [None, PCA(n_components=0.95)],
        'regressor__kernel': ['rbf'],
        'regressor__C': [0.1, 1.0, 10.0, 100.0],
        'regressor__epsilon': [0.01, 0.1, 0.2, 1]
    }
]
[-0.46552188 -0.46892972 -0.4823248  -0.46127973 -0.46657247 -0.47909419
 -0.45910311 -0.46183957 -0.47497728 -0.71634879 -0.71634879 -0.71634879
 -0.47105313 -0.47478433 -0.47721938 -0.46621911 -0.47203692 -0.4713195
 -0.46159758 -0.46642265 -0.46505303 -0.71634879 -0.71634879 -0.71634879
 -0.48117993 -0.50568494 -0.48860185 -0.4771078  -0.50094118 -0.48253595
 -0.47090656 -0.49580783 -0.47488421 -0.71634879 -0.71634879 -0.71634879
 -0.50795177 -0.60675806 -0.54582406 -0.50140067 -0.59348055 -0.53451415
 -0.49856201 -0.5802173  -0.52368184 -0.71634879 -0.71634879 -0.71634879
 -0.46893067 -0.47033548 -0.46987955 -0.46352621 -0.46729612 -0.4658304
 -0.45897692 -0.4619914  -0.46057796 -0.71634879 -0.71634879 -0.71634879
 -0.47686267 -0.47645023 -0.4782259  -0.46974968 -0.47231726 -0.47204363
 -0.46313738 -0.46782708 -0.46616928 -0.71634879 -0.71634879 -0.71634879
 -0.48239663 -0.49941583 -0.52191161 -0.47755034 -0.49719932 -0.51400765
 -0.46822981 -0.49216953 -0.50275656 -0.71634879 -0.71634879 -0.71634879
 -0.49778025 -0.58347554 -0.63651636 -0.49099791 -0.57998292 -0.60560465
 -0.4839683  -0.57948633 -0.58001594 -0.71634879 -0.71634879 -0.71634879]
[0.06665407 0.07232441 0.06891063 0.06437964 0.07170972 0.06643809
 0.0595506  0.06687554 0.06004579 0.01232881 0.01232881 0.01232881
 0.06950861 0.07468575 0.07356469 0.06784058 0.07441932 0.07042581
 0.06369835 0.06872349 0.06424018 0.01232881 0.01232881 0.01232881
 0.071806   0.06872504 0.07598354 0.07118669 0.06763725 0.07361251
 0.0654747  0.06248524 0.06796003 0.01232881 0.01232881 0.01232881
 0.06612127 0.06525911 0.09116721 0.06879213 0.06908409 0.08602903
 0.06339109 0.06771385 0.0745362  0.01232881 0.01232881 0.01232881
 0.0648444  0.0731168  0.06897041 0.06361695 0.07207348 0.06757498
 0.06034383 0.06691312 0.06251883 0.01232881 0.01232881 0.01232881
 0.06720473 0.07592294 0.07159999 0.06538145 0.07487774 0.0677252
 0.06200398 0.07001345 0.06208235 0.01232881 0.01232881 0.01232881
 0.06764476 0.07780522 0.06861269 0.06579368 0.07655938 0.06712354
 0.06174403 0.06884908 0.06205519 0.01232881 0.01232881 0.01232881
 0.06333673 0.09188669 0.09109414 0.06337122 0.08962039 0.08642241
 0.0594642  0.07576111 0.07988989 0.01232881 0.01232881 0.01232881]
[11 20 42  4 16 40  2  6 33 73 73 73 26 31 37 14 28 27  5 15 10 73 73 73
 41 57 46 36 54 44 25 49 32 73 73 73 58 71 63 55 69 62 52 67 61 73 73 73
 21 24 23  9 17 12  1  7  3 73 73 73 35 34 39 22 30 29  8 18 13 73 73 73
 43 53 60 38 50 59 19 48 56 73 73 73 51 68 72 47 65 70 45 64 66 73 73 73]
dwi_cos
[
    {
        'regressor': [SVR()],
        'scaler': [None, StandardScaler(), Normalizer()],
        'pca': [None, PCA(n_components=0.95)],
        'regressor__kernel': ['rbf'],
        'regressor__C': [0.1, 1.0, 10.0, 100.0],
        'regressor__epsilon': [0.01, 0.1, 0.2, 1]
    }
]
[-0.41167309 -0.41756639 -0.42401249 -0.41023203 -0.41544696 -0.42294024
 -0.41001059 -0.41220316 -0.42248488 -0.56290771 -0.56290771 -0.56290771
 -0.40693454 -0.42378767 -0.41081852 -0.405579   -0.4212889  -0.41043055
 -0.40463003 -0.41828748 -0.40761439 -0.56290771 -0.56290771 -0.56290771
 -0.41338854 -0.45337758 -0.42689001 -0.40807044 -0.4476729  -0.4222285
 -0.4081208  -0.4419439  -0.418574   -0.56290771 -0.56290771 -0.56290771
 -0.44432748 -0.54636737 -0.491726   -0.44375489 -0.52158254 -0.48202152
 -0.44218216 -0.50562584 -0.47232706 -0.56290771 -0.56290771 -0.56290771
 -0.41707874 -0.42086895 -0.41003025 -0.41409692 -0.41825471 -0.40808899
 -0.41263381 -0.41511264 -0.4062503  -0.56290771 -0.56290771 -0.56290771
 -0.42016785 -0.43090155 -0.41831914 -0.41639915 -0.42601624 -0.41659635
 -0.41354225 -0.4223112  -0.41514174 -0.56290771 -0.56290771 -0.56290771
 -0.4273237  -0.45035547 -0.46403823 -0.42214589 -0.44742419 -0.45266583
 -0.42011163 -0.44319567 -0.44756566 -0.56290771 -0.56290771 -0.56290771
 -0.44766535 -0.53017757 -0.59027242 -0.44157644 -0.51884979 -0.56314487
 -0.43384597 -0.50227803 -0.53279744 -0.56290771 -0.56290771 -0.56290771]
[0.04057751 0.04022246 0.03814612 0.03900914 0.04058688 0.03679825
 0.03737376 0.03910051 0.03619417 0.05001419 0.05001419 0.05001419
 0.04181216 0.03257126 0.03831121 0.04183255 0.03351625 0.03789185
 0.03906642 0.03380898 0.03805434 0.05001419 0.05001419 0.05001419
 0.04243536 0.03357875 0.03517354 0.04127034 0.0330489  0.03409196
 0.04203017 0.03319619 0.03498963 0.05001419 0.05001419 0.05001419
 0.04837819 0.04260931 0.04046091 0.04620175 0.04066612 0.03710307
 0.0426602  0.03997708 0.03076417 0.05001419 0.05001419 0.05001419
 0.04217973 0.04067515 0.04062423 0.04104179 0.04127669 0.04141609
 0.03844211 0.03853374 0.04081922 0.05001419 0.05001419 0.05001419
 0.03812319 0.03525589 0.03918023 0.03838139 0.03282155 0.04058041
 0.03623814 0.03455703 0.04073414 0.05001419 0.05001419 0.05001419
 0.04163043 0.03286325 0.03045657 0.04015725 0.03571765 0.0296685
 0.03870157 0.03461311 0.03163624 0.05001419 0.05001419 0.05001419
 0.06119121 0.06180276 0.04338943 0.054569   0.05501469 0.03458343
 0.04806135 0.04772988 0.02674771 0.05001419 0.05001419 0.05001419]
[14 26 41 11 22 39  9 15 38 71 71 71  4 40 13  2 34 12  1 28  5 71 71 71
 17 59 43  6 56 36  8 48 30 71 71 71 52 70 63 51 67 62 49 65 61 71 71 71
 25 33 10 19 27  7 16 20  3 71 71 71 32 45 29 23 42 24 18 37 21 71 71 71
 44 57 60 35 53 58 31 50 54 71 71 71 55 68 96 47 66 95 46 64 69 71 71 71]
wind_max
[
    {
        'regressor': [SVR()],
        'scaler': [None, StandardScaler(), Normalizer()],
        'pca': [None, PCA(n_components=0.95)],
        'regressor__kernel': ['rbf'],
        'regressor__C': [0.1, 1.0, 10.0, 100.0],
        'regressor__epsilon': [0.01, 0.1, 0.2, 1]
    }
]
[-2.32585885 -2.55386389 -2.56298492 -2.3266473  -2.55284505 -2.5617999
 -2.3245883  -2.54883555 -2.56100171 -2.32355979 -2.56294138 -2.59228827
 -2.26290411 -2.38888099 -2.371517   -2.26326966 -2.38674949 -2.36898486
 -2.26200529 -2.38296483 -2.36853708 -2.26872745 -2.39858053 -2.37091331
 -2.29084812 -2.41572067 -2.36443778 -2.28692024 -2.41460523 -2.36366988
 -2.28166594 -2.41124598 -2.36518782 -2.28049496 -2.44120633 -2.36099204
 -2.35298304 -2.71354325 -2.41968454 -2.34989376 -2.70914868 -2.4171743
 -2.34314386 -2.7057704  -2.41034631 -2.33879325 -2.66431551 -2.41703877
 -2.37449829 -2.54508446 -2.45117042 -2.37454928 -2.54494902 -2.45081495
 -2.37156165 -2.54619286 -2.45017371 -2.37498527 -2.55651261 -2.46451333
 -2.32272611 -2.41438466 -2.33865548 -2.32106944 -2.40971175 -2.33851935
 -2.31866107 -2.40398907 -2.33965811 -2.30985619 -2.40130294 -2.35204433
 -2.33734854 -2.41524991 -2.39983335 -2.33138765 -2.41418613 -2.39887888
 -2.32609622 -2.41805997 -2.39810439 -2.32076106 -2.43050146 -2.39771409
 -2.40050409 -2.62197056 -2.73040627 -2.40587549 -2.60402881 -2.71467472
 -2.40610113 -2.59149252 -2.70243901 -2.38372617 -2.61560873 -2.63733429]
[0.46699574 0.60319812 0.66410677 0.47120591 0.60335117 0.6631362
 0.47284756 0.60484353 0.66325385 0.44909876 0.61266156 0.67745401
 0.39688057 0.39859244 0.43735596 0.39748269 0.39889977 0.43439268
 0.39855648 0.39576385 0.4311776  0.39107299 0.39224708 0.42856764
 0.40869429 0.37903285 0.37877933 0.4086887  0.37853808 0.37849117
 0.40688024 0.3782866  0.38093787 0.38596761 0.35999736 0.38262495
 0.41398831 0.37236619 0.36930547 0.41233486 0.36945    0.37056572
 0.41197257 0.36645351 0.37146326 0.42152865 0.38002413 0.36171081
 0.52711651 0.58036019 0.61016572 0.52741506 0.58138809 0.61183691
 0.52363242 0.58379322 0.60897905 0.52490868 0.58692325 0.60474339
 0.41768566 0.39518965 0.42508825 0.41709189 0.39433084 0.42355684
 0.41538947 0.39100689 0.42134595 0.39926342 0.38495787 0.42210952
 0.41585294 0.41570712 0.37202603 0.41636661 0.4145634  0.37120599
 0.41542962 0.41103873 0.37212675 0.40823484 0.40567528 0.38075117
 0.50799455 0.47474101 0.35167563 0.5088827  0.47312116 0.35211387
 0.51141122 0.47194672 0.35281839 0.46782873 0.43214833 0.36291159]
[16 78 83 18 77 81 15 76 80 14 82 85  2 44 36  3 43 34  1 41 33  4 47 35
  8 62 31  7 60 30  6 57 32  5 68 29 28 94 66 26 93 64 25 92 56 23 90 63
 38 74 71 39 73 70 37 75 69 40 79 72 13 59 22 12 55 21 10 52 24  9 51 27
 20 61 49 19 58 48 17 65 46 11 67 45 50 88 96 53 86 95 54 84 91 42 87 89]
wind_med
[
    {
        'regressor': [SVR()],
        'scaler': [None, StandardScaler(), Normalizer()],
        'pca': [None, PCA(n_components=0.95)],
        'regressor__kernel': ['rbf'],
        'regressor__C': [0.1, 1.0, 10.0, 100.0],
        'regressor__epsilon': [0.01, 0.1, 0.2, 1]
    }
]
[-2.02154968 -2.21146959 -2.23805022 -2.02171851 -2.21043416 -2.24024326
 -2.02164259 -2.20997053 -2.2402937  -2.03033333 -2.21385018 -2.26809324
 -1.9836992  -2.08539733 -2.07387552 -1.98237876 -2.08769491 -2.07461959
 -1.97912081 -2.08723002 -2.07582273 -1.97335896 -2.07554883 -2.06699051
 -2.00994367 -2.14962311 -2.063887   -2.00782482 -2.1445895  -2.06339401
 -2.00237992 -2.14087422 -2.06343292 -1.98504435 -2.13402458 -2.05664058
 -2.0798326  -2.42647596 -2.09497956 -2.07686811 -2.41480195 -2.09555289
 -2.07409413 -2.3967764  -2.09559684 -2.07619199 -2.35687646 -2.10834082
 -2.06508459 -2.19647423 -2.16344865 -2.06447433 -2.19705459 -2.16244381
 -2.06362968 -2.19456652 -2.1605871  -2.06182771 -2.2033861  -2.14600096
 -2.02017797 -2.09161549 -2.05626967 -2.01783008 -2.09018476 -2.052112
 -2.01608876 -2.09030719 -2.04830103 -2.00848105 -2.07307809 -2.04969857
 -2.0475962  -2.14915457 -2.07932964 -2.04489341 -2.14614389 -2.07787523
 -2.04057186 -2.13944858 -2.07574141 -2.03728017 -2.1203716  -2.08813154
 -2.14428478 -2.35132934 -2.35957795 -2.13917269 -2.34592296 -2.35541222
 -2.13248281 -2.32923986 -2.34539791 -2.10487451 -2.29678988 -2.30021484]
[0.46888518 0.58013843 0.65238177 0.47002878 0.57708792 0.65555662
 0.46711722 0.57700452 0.65397049 0.48141799 0.56467031 0.65180394
 0.42389364 0.41555368 0.48430907 0.42330508 0.41504672 0.48306387
 0.41900933 0.41668109 0.4815222  0.4194001  0.41276731 0.47065998
 0.41922566 0.39514433 0.43949587 0.41581585 0.39455534 0.4396282
 0.41261459 0.39393602 0.43535528 0.40821689 0.38481517 0.43349541
 0.43430338 0.42043368 0.41423894 0.43262937 0.41780357 0.41479488
 0.43265358 0.41623584 0.41290321 0.41750726 0.4014261  0.40097785
 0.51278215 0.55517799 0.62929411 0.51278819 0.55577673 0.62816921
 0.51208182 0.55363408 0.62808552 0.52223653 0.54243557 0.60432192
 0.43912142 0.42561303 0.47721695 0.43996513 0.42723819 0.47752307
 0.43922219 0.42553718 0.47639052 0.43892797 0.41978987 0.46932061
 0.46258696 0.42830493 0.40418327 0.46152911 0.42602223 0.40706101
 0.45756674 0.42712673 0.40937363 0.45147308 0.4117625  0.41787294
 0.56104858 0.47660489 0.37192737 0.55968975 0.46960173 0.37424955
 0.55632157 0.46674722 0.37890597 0.50156735 0.44758516 0.38632637]
[13 79 81 15 78 82 14 77 83 16 80 84  4 46 35  3 48 37  2 47 40  1 38 33
  9 69 30  7 65 27  6 63 28  5 60 25 45 96 53 42 95 54 36 94 55 41 92 57
 32 74 72 31 75 71 29 73 70 26 76 66 12 52 24 11 50 23 10 51 21  8 34 22
 20 68 44 19 67 43 18 62 39 17 58 49 64 90 93 61 89 91 59 87 88 56 85 86]
shww_max
[
    {
        'regressor': [SVR()],
        'scaler': [None, StandardScaler(), Normalizer()],
        'pca': [None, PCA(n_components=0.95)],
        'regressor__kernel': ['rbf'],
        'regressor__C': [0.1, 1.0, 10.0, 100.0],
        'regressor__epsilon': [0.01, 0.1, 0.2, 1]
    }
]
[-0.94790667 -1.03785798 -1.0640275  -0.94198033 -1.03382099 -1.06230077
 -0.93760361 -1.03489945 -1.06223607 -1.03184819 -1.14742829 -1.15709194
 -0.90587293 -0.95626237 -0.95698712 -0.90012384 -0.95677424 -0.95545957
 -0.89549635 -0.95528054 -0.95473101 -0.99059446 -1.06096917 -0.99146523
 -0.91668955 -0.9832702  -0.92879921 -0.91245294 -0.97877166 -0.92757142
 -0.90885334 -0.97615865 -0.92807779 -0.99901829 -1.05910414 -0.98539473
 -0.9582818  -1.12424242 -0.96442524 -0.9567751  -1.10809406 -0.96117317
 -0.9553938  -1.08700563 -0.95969826 -1.0003364  -1.12073521 -1.04968319
 -0.98556668 -1.01438656 -1.00636298 -0.97733555 -1.00863125 -1.00190201
 -0.97113806 -1.0083268  -0.9994771  -1.06597035 -1.12569779 -1.0922731
 -0.92632979 -0.93572447 -0.94247741 -0.91728191 -0.93669872 -0.94095628
 -0.91405323 -0.93484018 -0.94046521 -1.00844786 -1.04054782 -1.04605459
 -0.94002156 -0.97305744 -0.97613606 -0.93131673 -0.97299625 -0.9745445
 -0.92945792 -0.96798166 -0.97069041 -1.00519706 -1.03805427 -1.03804223
 -0.97311177 -1.10123782 -1.18566737 -0.96997964 -1.08436446 -1.16119108
 -0.9641509  -1.06667352 -1.14563742 -1.05792995 -1.10712661 -1.1480415 ]
[0.45651943 0.5479424  0.58759159 0.45227033 0.5440758  0.5847912
 0.44881632 0.54288759 0.58205103 0.38969656 0.46468359 0.56487544
 0.40653723 0.42307829 0.46293715 0.40492693 0.41682831 0.46063476
 0.40338872 0.41503346 0.45685061 0.33973163 0.35232187 0.43654429
 0.41524539 0.38963489 0.41036316 0.41340474 0.39078775 0.40837812
 0.41186534 0.38903674 0.40570948 0.35435849 0.34130326 0.3750251
 0.43143809 0.37318943 0.3907772  0.4232139  0.37331135 0.38586767
 0.42082009 0.37555457 0.37951941 0.37427671 0.35870376 0.31766889
 0.50678628 0.52981294 0.53292694 0.49935768 0.52310554 0.52781399
 0.49426936 0.51842533 0.52595058 0.42188097 0.44297216 0.45913936
 0.42754796 0.4236319  0.43771406 0.42298205 0.41614448 0.43453888
 0.42212283 0.41330062 0.43417736 0.35099663 0.35273742 0.36452433
 0.42596135 0.41810677 0.40319282 0.42562618 0.41282942 0.40058213
 0.42485543 0.40818444 0.39730295 0.36530031 0.35729931 0.34670224
 0.44743946 0.42167759 0.34987084 0.44630294 0.41949667 0.35801811
 0.43847099 0.42125127 0.36392988 0.37972151 0.39142978 0.34925692]
[24 68 79 22 66 78 18 67 77 65 92 94  3 29 32  2 30 28  1 26 25 53 76 54
  7 50 12  5 49 10  4 47 11 55 75 51 33 89 37 31 87 35 27 83 34 57 88 73
 52 64 60 48 63 58 41 61 56 80 90 84  9 16 23  8 17 21  6 15 20 62 71 72
 19 43 46 14 42 45 13 38 40 59 70 69 44 85 96 39 82 95 36 81 91 74 86 93]
shww_med
[
    {
        'regressor': [SVR()],
        'scaler': [None, StandardScaler(), Normalizer()],
        'pca': [None, PCA(n_components=0.95)],
        'regressor__kernel': ['rbf'],
        'regressor__C': [0.1, 1.0, 10.0, 100.0],
        'regressor__epsilon': [0.01, 0.1, 0.2, 1]
    }
]
[-0.71655859 -0.79783462 -0.83667136 -0.71302452 -0.79483918 -0.83366914
 -0.71655921 -0.7966462  -0.83238567 -0.90730899 -0.99652119 -1.00150359
 -0.67873771 -0.72443754 -0.74460345 -0.67457005 -0.72264367 -0.74304758
 -0.67780688 -0.72295117 -0.74173704 -0.88381816 -0.92178678 -0.80643074
 -0.69507319 -0.75166265 -0.70892153 -0.68960424 -0.74768362 -0.70847319
 -0.68905094 -0.74776953 -0.71097416 -0.8975976  -0.89631591 -0.80046432
 -0.72078525 -0.85264631 -0.7404239  -0.72347351 -0.84160516 -0.73345373
 -0.72096629 -0.83715616 -0.73493153 -0.84645541 -0.90198861 -0.85512419
 -0.74472566 -0.77207879 -0.77288002 -0.73681499 -0.76926984 -0.77009343
 -0.7375417  -0.77238246 -0.77130508 -0.92878182 -0.9828179  -0.94318311
 -0.69217937 -0.70781574 -0.71659666 -0.6886387  -0.70519356 -0.71417904
 -0.68928488 -0.70641139 -0.71565061 -0.89962346 -0.91603494 -0.89138536
 -0.70758616 -0.73968818 -0.74439493 -0.70220925 -0.73775497 -0.74146873
 -0.70243364 -0.73749565 -0.74260583 -0.89577034 -0.88806511 -0.86424775
 -0.73699235 -0.83190637 -0.89340771 -0.73430914 -0.81987221 -0.8728597
 -0.73416156 -0.81502601 -0.86697551 -0.89798541 -0.89459903 -0.94108531]
[0.36799812 0.45300661 0.50417342 0.36646224 0.44896589 0.49888645
 0.36763157 0.44441609 0.49398866 0.24284828 0.31048563 0.41491337
 0.33046139 0.33408541 0.40212366 0.33081417 0.33168457 0.39823271
 0.32914323 0.32720412 0.39094368 0.20531331 0.22195304 0.34867869
 0.34776109 0.3201448  0.34505161 0.3457402  0.31590414 0.34306146
 0.3382848  0.30923896 0.34078956 0.22358535 0.24521335 0.30122914
 0.35546586 0.30157435 0.32237995 0.34837396 0.30051748 0.31944669
 0.34377053 0.30400521 0.31354367 0.30374198 0.27689915 0.24770032
 0.40526767 0.42899411 0.44446882 0.39992348 0.42545899 0.44110498
 0.39436847 0.41848011 0.43828162 0.25609418 0.28384017 0.3272826
 0.34654678 0.33501482 0.36253559 0.34446545 0.32764574 0.35772701
 0.33698453 0.32388281 0.35120116 0.20504182 0.21362993 0.261414
 0.34798939 0.33393597 0.33305526 0.34805117 0.32630456 0.33128537
 0.34004716 0.32391971 0.32338632 0.23445153 0.24115253 0.25115684
 0.38063982 0.35141967 0.28311438 0.37412139 0.35386958 0.28499564
 0.36871182 0.3541107  0.28796348 0.28419039 0.30361403 0.25300269]
[22 60 68 19 58 67 23 59 66 88 95 96  3 30 47  1 27 45  2 28 43 77 90 62
  9 51 17  7 49 16  5 50 18 84 83 61 25 72 41 29 70 31 26 69 34 71 87 73
 48 55 57 35 52 53 38 56 54 91 94 93  8 15 24  4 12 20  6 13 21 86 89 79
 14 40 46 10 39 42 11 37 44 82 78 74 36 65 80 33 64 76 32 63 75 85 81 92]
mdts_sin
[
    {
        'regressor': [SVR()],
        'scaler': [None, StandardScaler(), Normalizer()],
        'pca': [None, PCA(n_components=0.95)],
        'regressor__kernel': ['rbf'],
        'regressor__C': [0.1, 1.0, 10.0, 100.0],
        'regressor__epsilon': [0.01, 0.1, 0.2, 1]
    }
]
[-0.08621204 -0.08449766 -0.08609235 -0.10014315 -0.10254452 -0.09620808
 -0.10080141 -0.10004723 -0.09640206 -0.39929414 -0.39929414 -0.39929414
 -0.08608327 -0.08654054 -0.08721505 -0.09542872 -0.10174866 -0.09430694
 -0.10817866 -0.10474137 -0.10639576 -0.39929414 -0.39929414 -0.39929414
 -0.08768586 -0.10168138 -0.09361911 -0.09712153 -0.1079353  -0.09996164
 -0.11494399 -0.11379123 -0.11352336 -0.39929414 -0.39929414 -0.39929414
 -0.10214049 -0.12669861 -0.11120673 -0.10963662 -0.11437858 -0.11739398
 -0.12504651 -0.11787192 -0.12105183 -0.39929414 -0.39929414 -0.39929414
 -0.08756866 -0.08459945 -0.08814028 -0.11599434 -0.10225238 -0.10237165
 -0.11542751 -0.10106794 -0.10290563 -0.39929414 -0.39929414 -0.39929414
 -0.0878443  -0.08596562 -0.09633336 -0.11275211 -0.10242604 -0.10588001
 -0.12013097 -0.10964789 -0.11239269 -0.39929414 -0.39929414 -0.39929414
 -0.08916523 -0.0937036  -0.1135513  -0.11362451 -0.10843446 -0.11137415
 -0.12649848 -0.11787357 -0.11517816 -0.39929414 -0.39929414 -0.39929414
 -0.09769237 -0.12729076 -0.13823587 -0.11934475 -0.12981874 -0.12381056
 -0.13501823 -0.13770517 -0.13158234 -0.39929414 -0.39929414 -0.39929414]
[0.0555299  0.05066815 0.05495615 0.04631127 0.03674625 0.04305446
 0.05205426 0.04230025 0.04809574 0.05060779 0.05060779 0.05060779
 0.0547106  0.04413594 0.05364809 0.04466943 0.03296648 0.04184724
 0.04301888 0.03869816 0.04306431 0.05060779 0.05060779 0.05060779
 0.05183958 0.04365986 0.05095004 0.03923317 0.03713783 0.03890916
 0.03670962 0.03670744 0.0375453  0.05060779 0.05060779 0.05060779
 0.04478277 0.04612989 0.04374021 0.03399747 0.03919227 0.04070119
 0.03199764 0.03595335 0.03657266 0.05060779 0.05060779 0.05060779
 0.0563644  0.05141045 0.0545011  0.0480064  0.03682753 0.04885275
 0.05283851 0.04145619 0.05108819 0.05060779 0.05060779 0.05060779
 0.05588191 0.04673301 0.05098616 0.04977797 0.0341548  0.04675434
 0.05133553 0.03542466 0.04911719 0.05060779 0.05060779 0.05060779
 0.05457528 0.04478806 0.04994485 0.04937876 0.03664714 0.0450942
 0.05065085 0.03306477 0.04696695 0.05060779 0.05060779 0.05060779
 0.05362547 0.06133807 0.05098859 0.04724679 0.04748896 0.0445799
 0.04770719 0.03454239 0.0391362  0.05060779 0.05060779 0.05060779]
[ 6  1  5 25 34 18 26 24 20 73 73 73  4  7  8 17 29 16 40 36 38 73 73 73
 10 28 14 21 39 23 53 51 48 73 73 73 30 66 44 42 52 57 64 58 62 73 73 73
  9  2 12 56 31 32 55 27 35 73 73 73 11  3 19 47 33 37 61 43 46 73 73 73
 13 15 49 50 41 45 65 59 54 73 73 73 22 67 72 60 68 63 70 71 69 73 73 73]
mdts_cos
[
    {
        'regressor': [SVR()],
        'scaler': [None, StandardScaler(), Normalizer()],
        'pca': [None, PCA(n_components=0.95)],
        'regressor__kernel': ['rbf'],
        'regressor__C': [0.1, 1.0, 10.0, 100.0],
        'regressor__epsilon': [0.01, 0.1, 0.2, 1]
    }
]
[-0.09761363 -0.09408934 -0.09709817 -0.10393152 -0.10536024 -0.099441
 -0.13156511 -0.13568969 -0.1229959  -0.2112394  -0.2112394  -0.2112394
 -0.09697318 -0.09796099 -0.09642144 -0.10134036 -0.11043368 -0.1007288
 -0.13128193 -0.14393204 -0.12735098 -0.2112394  -0.2112394  -0.2112394
 -0.09817599 -0.11599028 -0.1028804  -0.10920521 -0.12283992 -0.11269075
 -0.13157704 -0.14663288 -0.13608583 -0.2112394  -0.2112394  -0.2112394
 -0.11487498 -0.14298033 -0.12560434 -0.12629137 -0.13442484 -0.13642548
 -0.13732111 -0.14769735 -0.14034303 -0.2112394  -0.2112394  -0.2112394
 -0.09815783 -0.09388348 -0.09740572 -0.11728442 -0.10492392 -0.10747413
 -0.14945913 -0.13268801 -0.13684139 -0.2112394  -0.2112394  -0.2112394
 -0.09836938 -0.09745071 -0.10608552 -0.11520906 -0.11081107 -0.11666141
 -0.14617389 -0.13827657 -0.1468835  -0.2112394  -0.2112394  -0.2112394
 -0.10007408 -0.1096871  -0.13009936 -0.12106702 -0.12592355 -0.12938058
 -0.14590925 -0.14420636 -0.14755464 -0.2112394  -0.2112394  -0.2112394
 -0.11176908 -0.14068561 -0.16443164 -0.13260669 -0.14863539 -0.14793029
 -0.14895187 -0.15119717 -0.14862929 -0.2112394  -0.2112394  -0.2112394 ]
[0.05261007 0.04767702 0.05195063 0.03671212 0.03439254 0.03671464
 0.02935265 0.02590589 0.02815647 0.01477423 0.01477423 0.01477423
 0.05155364 0.04128246 0.04910614 0.03630461 0.03315424 0.03542225
 0.02774689 0.03036392 0.02825426 0.01477423 0.01477423 0.01477423
 0.04836169 0.03724869 0.04381423 0.03348618 0.03085515 0.0349733
 0.03022327 0.03196908 0.02890371 0.01477423 0.01477423 0.01477423
 0.04004308 0.03438214 0.03861875 0.03155512 0.03166075 0.0426014
 0.03262853 0.03249256 0.02975023 0.01477423 0.01477423 0.01477423
 0.05303221 0.04816111 0.04984047 0.03689214 0.03512225 0.03622946
 0.03001513 0.02695723 0.02982163 0.01477423 0.01477423 0.01477423
 0.05280912 0.04316947 0.04284824 0.03987548 0.03221659 0.03660357
 0.03393235 0.03076079 0.02949316 0.01477423 0.01477423 0.01477423
 0.05199901 0.04257501 0.03891259 0.03829525 0.03280332 0.03595609
 0.03425547 0.0314876  0.0292011  0.01477423 0.01477423 0.01477423
 0.05245348 0.04438428 0.0427029  0.03914028 0.0352101  0.0371033
 0.03389718 0.03225359 0.02905635 0.01477423 0.01477423 0.01477423]
[ 8  2  5 18 20 13 44 49 36 73 73 73  4  9  3 16 25 15 43 58 40 73 73 73
 11 31 17 23 35 28 45 62 50 73 73 73 29 57 37 39 48 51 53 65 55 73 73 73
 10  1  6 33 19 22 70 47 52 73 73 73 12  7 21 30 26 32 61 54 63 73 73 73
 14 24 42 34 38 41 60 59 64 73 73 73 27 56 72 46 68 66 69 71 67 73 73 73]
shts_max
[
    {
        'regressor': [SVR()],
        'scaler': [None, StandardScaler(), Normalizer()],
        'pca': [None, PCA(n_components=0.95)],
        'regressor__kernel': ['rbf'],
        'regressor__C': [0.1, 1.0, 10.0, 100.0],
        'regressor__epsilon': [0.01, 0.1, 0.2, 1]
    }
]
[-0.55966918 -0.60825049 -0.65738467 -0.5588917  -0.6059327  -0.65834289
 -0.55915292 -0.60711156 -0.65984471 -0.70352236 -0.7202428  -0.79134359
 -0.55498671 -0.59091072 -0.5955355  -0.55250015 -0.58788785 -0.59312206
 -0.55084005 -0.58706872 -0.5933908  -0.62108513 -0.71023991 -0.65760568
 -0.57102445 -0.62345205 -0.58957549 -0.56871496 -0.62193351 -0.58406912
 -0.56689254 -0.62931817 -0.58145253 -0.62928578 -0.74186766 -0.64892919
 -0.6138772  -0.72693161 -0.64841648 -0.60270973 -0.71680117 -0.63716396
 -0.59648421 -0.71078922 -0.62473288 -0.69059374 -0.76805724 -0.7076396
 -0.57244891 -0.59460211 -0.61710188 -0.57134629 -0.59410957 -0.61681509
 -0.57101828 -0.59469923 -0.6159846  -0.69710569 -0.71487567 -0.75054494
 -0.56695321 -0.58485493 -0.58090683 -0.56415487 -0.57831393 -0.58046423
 -0.56425833 -0.57658354 -0.58045452 -0.64466717 -0.70603281 -0.69711321
 -0.58479182 -0.61673557 -0.62776466 -0.58004927 -0.61007898 -0.61859216
 -0.57652447 -0.60927759 -0.61302858 -0.68797787 -0.73071937 -0.70697203
 -0.64523789 -0.72068405 -0.7814437  -0.6402114  -0.70735586 -0.75345493
 -0.62439924 -0.70808686 -0.73176681 -0.75248042 -0.77048792 -0.73053183]
[0.15834    0.18355855 0.25479486 0.15993116 0.18300403 0.25687633
 0.16159739 0.17985612 0.25467947 0.10020979 0.12534788 0.19239567
 0.1431465  0.15171912 0.15657755 0.14626473 0.14985538 0.15582841
 0.14829536 0.14959518 0.15627312 0.1167731  0.09951596 0.14544265
 0.15254678 0.15391247 0.11503189 0.1544151  0.15772339 0.11978401
 0.15384062 0.15673149 0.11975408 0.11238469 0.11773598 0.11391737
 0.16854405 0.16473776 0.08984688 0.16692252 0.16804981 0.09365355
 0.16246611 0.16969214 0.09813843 0.14673971 0.12426807 0.0882805
 0.16783829 0.1774677  0.18761697 0.16947437 0.17542273 0.18698477
 0.16978147 0.17219637 0.18320719 0.10825776 0.11496183 0.14187072
 0.16010458 0.15176098 0.14112757 0.16515663 0.15007596 0.13862901
 0.16782777 0.15132613 0.13393517 0.12079851 0.09710946 0.08500406
 0.17255269 0.15932299 0.1190861  0.17405324 0.16145155 0.12011745
 0.17654327 0.16133386 0.12008555 0.10683946 0.111489   0.07887519
 0.25077044 0.24154505 0.10102931 0.25426719 0.2337928  0.1021628
 0.23437947 0.2265814  0.10116596 0.18519575 0.18682211 0.09169437]
[ 6 41 65  4 39 67  5 40 68 73 83 96  3 30 36  2 28 31  1 27 32 51 79 66
 13 53 29 11 52 24  9 58 23 57 89 64 45 85 63 38 82 59 37 80 55 70 93 77
 15 34 49 14 33 48 12 35 46 71 81 90 10 26 22  7 18 21  8 17 20 61 74 72
 25 47 56 19 43 50 16 42 44 69 87 75 62 84 95 60 76 92 54 78 88 91 94 86]
shts_med
[
    {
        'regressor': [SVR()],
        'scaler': [None, StandardScaler(), Normalizer()],
        'pca': [None, PCA(n_components=0.95)],
        'regressor__kernel': ['rbf'],
        'regressor__C': [0.1, 1.0, 10.0, 100.0],
        'regressor__epsilon': [0.01, 0.1, 0.2, 1]
    }
]
[-0.49836049 -0.53573964 -0.57985298 -0.49688795 -0.53707447 -0.57951359
 -0.4960904  -0.53763248 -0.57817864 -0.6217986  -0.63388428 -0.71589388
 -0.49602901 -0.52423059 -0.53313094 -0.49476199 -0.521952   -0.53038753
 -0.49267668 -0.51880038 -0.52797952 -0.54357055 -0.60974074 -0.58271627
 -0.51400081 -0.55350702 -0.52432386 -0.5096704  -0.55352805 -0.52257772
 -0.50522156 -0.5565281  -0.51843604 -0.5446013  -0.6441127  -0.58625367
 -0.55239956 -0.64729697 -0.58424842 -0.55146083 -0.63833784 -0.56745046
 -0.54766607 -0.63638389 -0.56075003 -0.60658496 -0.66144148 -0.63727884
 -0.50768263 -0.52658876 -0.55013711 -0.50762674 -0.52593641 -0.54921211
 -0.50779122 -0.52443351 -0.54808063 -0.60929061 -0.6282191  -0.66001315
 -0.50032131 -0.51848791 -0.51930684 -0.50073425 -0.51526744 -0.51597589
 -0.50196747 -0.51052192 -0.51540553 -0.55699128 -0.60455896 -0.61784577
 -0.51137614 -0.5464259  -0.56345489 -0.50945702 -0.5466557  -0.55443479
 -0.50942771 -0.54459655 -0.54456302 -0.57378897 -0.63092813 -0.62988105
 -0.55550952 -0.64901737 -0.69664544 -0.55048199 -0.63640526 -0.66588843
 -0.54772765 -0.63446291 -0.63968035 -0.64396154 -0.67093402 -0.6547243 ]
[0.12186821 0.13496267 0.21922503 0.12234316 0.13661696 0.21492232
 0.12489358 0.13710145 0.20782544 0.10105359 0.11849074 0.16118355
 0.1137433  0.10810627 0.13175557 0.11369735 0.10786411 0.1324402
 0.11469825 0.11100279 0.1323475  0.09061573 0.08240266 0.12727641
 0.1234415  0.11583625 0.09162946 0.12212518 0.1156676  0.09342088
 0.11958327 0.11558607 0.09486656 0.09996705 0.09351073 0.09026044
 0.13652297 0.13469221 0.06530472 0.14386636 0.13391032 0.0668242
 0.14253583 0.13239945 0.06675389 0.11708864 0.09920281 0.05811332
 0.12405489 0.12557604 0.14797251 0.12616678 0.12731241 0.14757845
 0.12878011 0.12748451 0.14816249 0.10327877 0.10849879 0.12731489
 0.12437295 0.10757564 0.10640271 0.12513781 0.10764971 0.10598013
 0.12584728 0.11066402 0.10412074 0.09617392 0.08507878 0.07447918
 0.12965756 0.12570486 0.09265738 0.13121433 0.12201397 0.09391286
 0.13291383 0.12540333 0.09363057 0.0952056  0.09908157 0.06863295
 0.19453694 0.20542582 0.07546456 0.18538192 0.20345172 0.07992917
 0.18585478 0.20735889 0.08013352 0.14703032 0.14407586 0.06131357]
[ 6 37 66  5 38 65  4 39 64 75 79 96  3 29 36  2 27 35  1 25 34 40 73 67
 19 54 30 16 55 28 10 58 23 43 87 69 53 88 68 52 84 62 46 81 60 71 92 83
 12 33 50 11 32 49 13 31 48 72 76 91  7 24 26  8 20 22  9 17 21 59 70 74
 18 44 61 15 45 56 14 42 41 63 78 77 57 89 95 51 82 93 47 80 85 86 94 90]

*****************************************************************************
*                                                                           *
*                    JOB EFFICIENCY REPORT (seff 13076330)                   *
*                                                                           *
*****************************************************************************

Job ID: 13076330
Cluster: finisterrae3
User/Group: curso342/ulc
State: COMPLETED (exit code 0)
Nodes: 1
Cores per node: 32
CPU Utilized: 2-03:46:02
CPU Efficiency: 97.19% of 2-05:15:44 core-walltime
Job Wall-clock time: 01:39:52
Memory Utilized: 11.28 GB
Memory Efficiency: 70.51% of 16.00 GB

*****************************************************************************

