slurmstepd: info: Setting TMPDIR to /scratch/13075899. Previous errors about TMPDIR can be discarded
dwi_sin
[
    {
        'regressor': [KNeighborsRegressor()],
        'regressor__n_neighbors': [10, 15],
        'pca': [None, PCA(n_components=0.95)],
        'scaler': [None, StandardScaler(), RobustScaler()],
        'regressor__weights': ['uniform', 'distance'],
        'regressor__metric': ['euclidean', 'manhattan', 'chebyshev']
    }
]
[-0.49698555 -0.50459995 -0.51169042 -0.49575398 -0.5040888  -0.51086467
 -0.4866279  -0.49288208 -0.50106996 -0.48534145 -0.49229943 -0.50007279
 -0.49753885 -0.50383435 -0.50819057 -0.4969059  -0.5037804  -0.50787488
 -0.48829805 -0.49198735 -0.4975379  -0.48723647 -0.49182866 -0.49700828
 -0.54928354 -0.52633581 -0.54096876 -0.5463034  -0.52444186 -0.53869169
 -0.54490789 -0.51704867 -0.53178599 -0.54109213 -0.51497857 -0.52938553
 -0.49705518 -0.50376269 -0.51388716 -0.49578484 -0.50287988 -0.51316851
 -0.48663126 -0.49195327 -0.50300574 -0.48522837 -0.49118529 -0.50184281
 -0.49633665 -0.50208085 -0.50488548 -0.49529994 -0.50124544 -0.50430623
 -0.4873863  -0.49128895 -0.49508185 -0.48613221 -0.49033903 -0.49424546
 -0.4931802  -0.5026625  -0.52353505 -0.49221257 -0.50226058 -0.52233407
 -0.48516091 -0.49369625 -0.51520442 -0.48384886 -0.49285109 -0.51321901]
[0.04972775 0.05817439 0.06146348 0.04942657 0.05815676 0.0613134
 0.05189205 0.061108   0.062055   0.05142802 0.06100868 0.0621043
 0.05195865 0.06014323 0.06174032 0.0510411  0.06034491 0.06198556
 0.05402928 0.06221743 0.06278379 0.05306753 0.06217171 0.06283014
 0.04315912 0.06019599 0.06583555 0.04332617 0.0600779  0.06631287
 0.04529789 0.05994635 0.06789971 0.04532437 0.05989904 0.06832931
 0.04976791 0.06080902 0.06491979 0.05006282 0.06075102 0.06458716
 0.05312505 0.0615965  0.06349919 0.05302151 0.0616786  0.06370858
 0.05269881 0.06094114 0.06514743 0.05276477 0.0605758  0.06464955
 0.05381251 0.06319719 0.06327886 0.05380772 0.06288756 0.06344738
 0.05215904 0.06059433 0.06394246 0.05149324 0.06041396 0.06406857
 0.05105786 0.06203903 0.06090545 0.0510092  0.0618503  0.06156186]
[30 49 54 26 47 53  6 20 36  4 18 35 34 46 52 29 45 51 10 16 33  8 14 31
 72 64 68 71 63 67 70 60 66 69 58 65 32 44 57 27 42 55  7 15 43  3 12 38
 28 39 50 25 37 48  9 13 24  5 11 23 21 41 62 17 40 61  2 22 59  1 19 56]
dwi_cos
[
    {
        'regressor': [KNeighborsRegressor()],
        'regressor__n_neighbors': [10, 15],
        'pca': [None, PCA(n_components=0.95)],
        'scaler': [None, StandardScaler(), RobustScaler()],
        'regressor__weights': ['uniform', 'distance'],
        'regressor__metric': ['euclidean', 'manhattan', 'chebyshev']
    }
]
[-0.44746555 -0.45063911 -0.45289207 -0.44630955 -0.44984608 -0.45212922
 -0.43836025 -0.44129631 -0.44335524 -0.43701907 -0.44027881 -0.44270316
 -0.44479722 -0.45183753 -0.45495786 -0.44425497 -0.45162024 -0.45462626
 -0.43614483 -0.44163673 -0.44318777 -0.4352495  -0.44122879 -0.44278048
 -0.51459673 -0.4626834  -0.464684   -0.51229439 -0.46151343 -0.46369731
 -0.5107232  -0.45473328 -0.45523824 -0.50816661 -0.45321647 -0.45394269
 -0.45301241 -0.45068104 -0.45334385 -0.4517093  -0.44980526 -0.45327404
 -0.44443594 -0.44125394 -0.44219285 -0.44268368 -0.44037705 -0.44208915
 -0.45159689 -0.45257731 -0.45472869 -0.45049568 -0.45204712 -0.45467704
 -0.44369023 -0.44175746 -0.44351582 -0.44209608 -0.44120331 -0.44321982
 -0.4550288  -0.45195356 -0.45125576 -0.45406619 -0.4510282  -0.45121194
 -0.44722855 -0.44182075 -0.44329429 -0.44566581 -0.44093219 -0.44270426]
[0.04110702 0.03671904 0.03875453 0.04169799 0.03726712 0.03943814
 0.04344587 0.03768029 0.03846056 0.04381625 0.03816594 0.03902321
 0.03703291 0.03748386 0.03969355 0.03766539 0.03826163 0.04049444
 0.03813262 0.03768052 0.0373568  0.03867273 0.03807738 0.03822986
 0.07134489 0.03627604 0.03657941 0.07172664 0.03701442 0.0368777
 0.07199392 0.03691847 0.03740765 0.07248033 0.03760337 0.03785222
 0.03956152 0.03621696 0.03538264 0.03969745 0.03698828 0.03635051
 0.03963663 0.03616604 0.03683709 0.03995184 0.03688247 0.03742422
 0.03937753 0.03338947 0.03299326 0.03992352 0.03437758 0.03361084
 0.03879833 0.03519224 0.03613047 0.03975814 0.03602701 0.03653982
 0.04136608 0.03728911 0.03669697 0.04084165 0.03782749 0.03814078
 0.04272193 0.03792395 0.03612605 0.04251525 0.03834112 0.0372933 ]
[34 38 51 32 36 49  4 11 25  3  5 19 30 46 62 28 44 58  2 12 22  1  9 21
 72 66 68 71 65 67 70 61 64 69 53 56 52 39 55 45 35 54 29 10 17 18  6 15
 43 50 60 37 48 59 27 13 26 16  8 23 63 47 42 57 40 41 33 14 24 31  7 20]
wind_max
[
    {
        'regressor': [KNeighborsRegressor()],
        'regressor__n_neighbors': [10, 15],
        'pca': [None, PCA(n_components=0.95)],
        'scaler': [None, StandardScaler(), RobustScaler()],
        'regressor__weights': ['uniform', 'distance'],
        'regressor__metric': ['euclidean', 'manhattan', 'chebyshev']
    }
]
[-2.47053549 -2.65190474 -2.62459241 -2.46088845 -2.64352185 -2.61569476
 -2.42167948 -2.58959211 -2.54819753 -2.41132543 -2.58251095 -2.54157503
 -2.48329231 -2.64585738 -2.61639875 -2.47346991 -2.63888707 -2.60895611
 -2.44477889 -2.58322654 -2.56552915 -2.43280403 -2.57757472 -2.55869694
 -2.48754524 -2.7156781  -2.64741571 -2.47771673 -2.70201663 -2.63676979
 -2.44576847 -2.68515368 -2.6055816  -2.43584482 -2.67035378 -2.5933759
 -2.46791275 -2.64104744 -2.61515341 -2.46189042 -2.63613089 -2.61107529
 -2.4117593  -2.57869529 -2.55015211 -2.40444698 -2.57550066 -2.54548871
 -2.48527042 -2.61870444 -2.57434874 -2.47764074 -2.6119646  -2.56847983
 -2.42528926 -2.56432445 -2.53174165 -2.4187196  -2.55630189 -2.5241708
 -2.46078438 -2.66807698 -2.64487328 -2.45727539 -2.66545797 -2.64430217
 -2.42444034 -2.62259642 -2.57920122 -2.41573814 -2.61787046 -2.57706453]
[0.40386745 0.33799647 0.34027435 0.40092985 0.33665405 0.33720946
 0.41250011 0.35125731 0.34489825 0.40857632 0.34936491 0.34172973
 0.39935918 0.35849842 0.3363947  0.39500816 0.35617027 0.33484919
 0.42138235 0.372019   0.35367283 0.41654838 0.36939151 0.3509952
 0.47500948 0.38801244 0.35360363 0.4714777  0.38842384 0.35412526
 0.46297041 0.40043508 0.35556552 0.46091869 0.39934327 0.3550059
 0.40281881 0.33723882 0.31595527 0.40140198 0.33525946 0.31513634
 0.40444066 0.3499804  0.32808211 0.40240371 0.34734854 0.32596193
 0.39479795 0.33221088 0.31791295 0.39433857 0.33288289 0.31659552
 0.40988365 0.34680297 0.33177428 0.40742026 0.34598185 0.32796994
 0.39233651 0.34913071 0.34185012 0.39135049 0.34261024 0.34026725
 0.41615425 0.35651204 0.34782742 0.41146758 0.35188187 0.34584108]
[18 66 56 15 61 51  6 44 29  2 42 27 22 64 52 19 59 47 11 43 34  9 39 32
 24 72 65 21 71 58 12 70 46 10 69 45 17 60 50 16 57 48  3 40 30  1 37 28
 23 54 36 20 49 35  8 33 26  5 31 25 14 68 63 13 67 62  7 55 41  4 53 38]
wind_med
[
    {
        'regressor': [KNeighborsRegressor()],
        'regressor__n_neighbors': [10, 15],
        'pca': [None, PCA(n_components=0.95)],
        'scaler': [None, StandardScaler(), RobustScaler()],
        'regressor__weights': ['uniform', 'distance'],
        'regressor__metric': ['euclidean', 'manhattan', 'chebyshev']
    }
]
[-2.12736358 -2.27185579 -2.24694408 -2.11861646 -2.26303847 -2.23787026
 -2.08837965 -2.21837173 -2.18751812 -2.07951716 -2.21088169 -2.17982056
 -2.14269145 -2.26281525 -2.23733408 -2.13316085 -2.25683646 -2.23113661
 -2.11489824 -2.21192139 -2.20388301 -2.1035101  -2.20647085 -2.19654449
 -2.13299137 -2.33715659 -2.27024209 -2.12556877 -2.32469876 -2.2604235
 -2.09130301 -2.31048191 -2.24144766 -2.08401169 -2.29729679 -2.22984884
 -2.1304921  -2.25873655 -2.24868189 -2.12346727 -2.25197161 -2.24208275
 -2.08479201 -2.2108929  -2.19355563 -2.07748608 -2.20574837 -2.18705706
 -2.14985978 -2.25594004 -2.22028605 -2.14073437 -2.24797956 -2.21238767
 -2.09914602 -2.20215738 -2.18276524 -2.090821   -2.19385799 -2.1741831
 -2.13319471 -2.27746629 -2.27520657 -2.12592056 -2.27444943 -2.27312768
 -2.09941814 -2.24513766 -2.21589556 -2.08940593 -2.23933679 -2.21250833]
[0.42503422 0.3796423  0.38258676 0.42547473 0.37988    0.38085861
 0.42812776 0.38177392 0.38687183 0.42818103 0.38299939 0.38583354
 0.42953271 0.39366704 0.37457568 0.42869638 0.39370658 0.37544386
 0.44564389 0.40417243 0.38484363 0.44361817 0.4039965  0.38542091
 0.47197285 0.40027115 0.38610945 0.46938758 0.40184189 0.38714459
 0.46181436 0.41378619 0.38918361 0.46132303 0.41352689 0.39012963
 0.4260894  0.37517738 0.35613339 0.42590981 0.37485817 0.35483403
 0.42661066 0.38411067 0.36085434 0.4264655  0.38382675 0.36017565
 0.41627651 0.37899656 0.36508224 0.41557155 0.38136392 0.36454242
 0.42958923 0.38553553 0.36622155 0.42781724 0.38748689 0.36515291
 0.41836119 0.37458789 0.37246508 0.41974473 0.36962116 0.37031977
 0.43161463 0.38363292 0.38021717 0.43079314 0.38007101 0.37924778]
[17 64 53 13 62 48  5 43 29  2 37 26 23 61 47 20 58 46 12 39 34 11 36 32
 19 72 63 15 71 60  8 70 50  3 69 45 18 59 55 14 56 51  4 38 30  1 35 28
 24 57 44 22 54 40  9 33 27  7 31 25 21 68 67 16 66 65 10 52 42  6 49 41]
shww_max
[
    {
        'regressor': [KNeighborsRegressor()],
        'regressor__n_neighbors': [10, 15],
        'pca': [None, PCA(n_components=0.95)],
        'scaler': [None, StandardScaler(), RobustScaler()],
        'regressor__weights': ['uniform', 'distance'],
        'regressor__metric': ['euclidean', 'manhattan', 'chebyshev']
    }
]
[-0.95809685 -0.97879991 -0.96080206 -0.95831176 -0.97928006 -0.96111374
 -0.93934466 -0.96322451 -0.94133819 -0.93923973 -0.96322796 -0.94156011
 -0.95666046 -0.98643756 -0.96587893 -0.9577134  -0.98747579 -0.96705157
 -0.93764244 -0.9636409  -0.94783282 -0.93760783 -0.96477404 -0.94846287
 -0.97068998 -1.04323295 -0.98214864 -0.96929575 -1.04141461 -0.98233808
 -0.96079791 -1.04380356 -0.96672008 -0.95934282 -1.0407008  -0.96572865
 -0.95828681 -0.98408839 -0.96455804 -0.95928742 -0.98440858 -0.96513159
 -0.94400874 -0.96252958 -0.94404106 -0.94397923 -0.96285247 -0.94456578
 -0.95168475 -0.98704002 -0.96058888 -0.95217244 -0.98641021 -0.96158885
 -0.94062285 -0.96512036 -0.94660118 -0.94025496 -0.96462415 -0.94714478
 -0.96388852 -0.97570446 -0.96394649 -0.9643729  -0.97796504 -0.96624712
 -0.93885606 -0.95962691 -0.95027413 -0.94004947 -0.96076569 -0.9508996 ]
[0.43108383 0.42099133 0.41518292 0.4316562  0.42130541 0.41547966
 0.42889165 0.42109221 0.41671052 0.42909745 0.42076752 0.41685383
 0.42868256 0.42387081 0.41731154 0.429337   0.42458998 0.41813791
 0.42826872 0.42729554 0.42072649 0.42843097 0.42682372 0.42044194
 0.44314579 0.44329599 0.41546043 0.4437181  0.44214833 0.41638497
 0.44774142 0.45395209 0.41301828 0.44766832 0.4523203  0.41422874
 0.41898101 0.42752666 0.42175467 0.41913418 0.42752946 0.4225828
 0.4205151  0.4230176  0.41965574 0.41995344 0.42277772 0.42016641
 0.41530712 0.42667472 0.41599662 0.41534116 0.42612603 0.41609488
 0.41425154 0.42839907 0.4193755  0.41347368 0.42734099 0.41904048
 0.42419814 0.41112798 0.42538366 0.42406845 0.41300066 0.42819033
 0.41206312 0.41264943 0.42756488 0.41304219 0.41328995 0.42887268]
[25 59 34 27 60 35  5 39  9  4 40 10 23 66 51 24 68 54  2 41 17  1 47 18
 56 71 61 55 70 62 33 72 53 29 69 50 26 63 45 28 64 49 12 37 13 11 38 14
 21 67 31 22 65 36  8 48 15  7 46 16 42 57 43 44 58 52  3 30 19  6 32 20]
shww_med
[
    {
        'regressor': [KNeighborsRegressor()],
        'regressor__n_neighbors': [10, 15],
        'pca': [None, PCA(n_components=0.95)],
        'scaler': [None, StandardScaler(), RobustScaler()],
        'regressor__weights': ['uniform', 'distance'],
        'regressor__metric': ['euclidean', 'manhattan', 'chebyshev']
    }
]
[-0.7230757  -0.73813208 -0.72562873 -0.72391932 -0.73902034 -0.72617037
 -0.71194809 -0.72572039 -0.71105884 -0.71224844 -0.72636785 -0.71156436
 -0.72194472 -0.74351895 -0.7270192  -0.72333733 -0.74485609 -0.72846248
 -0.70908926 -0.72608355 -0.71695371 -0.70970799 -0.72747472 -0.71776911
 -0.74410466 -0.7950462  -0.74380727 -0.74294661 -0.79354608 -0.74434514
 -0.73467836 -0.79820801 -0.73487448 -0.73390134 -0.79549103 -0.73447205
 -0.724513   -0.7423377  -0.72773138 -0.72575559 -0.74254033 -0.7284473
 -0.7151954  -0.7250983  -0.71227366 -0.71555296 -0.72560194 -0.71304859
 -0.72021219 -0.74164515 -0.71981465 -0.72060616 -0.74145971 -0.72126049
 -0.7112922  -0.72713622 -0.71163752 -0.71116142 -0.72680861 -0.71241242
 -0.73005409 -0.73196403 -0.73020224 -0.73104816 -0.73423286 -0.73244177
 -0.71072756 -0.72231298 -0.71993784 -0.71222491 -0.72319129 -0.72089716]
[0.35805175 0.35185983 0.34799797 0.35865831 0.35235697 0.34830178
 0.35613376 0.34883477 0.34619153 0.35633116 0.34902709 0.34659006
 0.36006578 0.35399506 0.34909954 0.3609218  0.35495956 0.35029491
 0.35584913 0.35266454 0.34960232 0.35647018 0.35284358 0.34980004
 0.36846141 0.37153889 0.35046099 0.368794   0.37012719 0.35068437
 0.36962044 0.38094215 0.34900652 0.36961205 0.37918181 0.34939937
 0.34954216 0.3571591  0.35137477 0.34992873 0.3573761  0.35239744
 0.34905624 0.3504017  0.35055129 0.34882585 0.3507644  0.35103892
 0.34844823 0.35582925 0.3440922  0.34840855 0.3554602  0.34454037
 0.34651561 0.35401431 0.3464871  0.34575114 0.35344994 0.34621357
 0.3522984  0.3421915  0.35928489 0.35241706 0.34431777 0.36158798
 0.34075171 0.34195906 0.3588208  0.34201088 0.34291259 0.35979109]
[27 57 34 30 58 38  9 35  4 11 39  7 25 64 41 29 68 46  1 37 17  2 43 18
 66 70 65 63 69 67 55 72 56 52 71 54 31 61 44 36 62 45 15 32 12 16 33 14
 21 60 19 22 59 24  6 42  8  5 40 13 47 50 48 49 53 51  3 26 20 10 28 23]
mdts_sin
[
    {
        'regressor': [KNeighborsRegressor()],
        'regressor__n_neighbors': [10, 15],
        'pca': [None, PCA(n_components=0.95)],
        'scaler': [None, StandardScaler(), RobustScaler()],
        'regressor__weights': ['uniform', 'distance'],
        'regressor__metric': ['euclidean', 'manhattan', 'chebyshev']
    }
]
[-0.09645736 -0.09116015 -0.09210605 -0.0964793  -0.09090552 -0.09185783
 -0.09398147 -0.08934053 -0.08990393 -0.09402077 -0.08913564 -0.08972558
 -0.09506774 -0.09169916 -0.09145668 -0.09507715 -0.09148836 -0.0912996
 -0.0924499  -0.08954651 -0.08986219 -0.09252594 -0.08937219 -0.08967079
 -0.10515551 -0.09549325 -0.09456788 -0.10491891 -0.09545975 -0.09449542
 -0.10153158 -0.09344848 -0.09278325 -0.10136195 -0.09340732 -0.09274762
 -0.10085759 -0.08961234 -0.09206462 -0.10102044 -0.08956498 -0.09186225
 -0.097301   -0.08858958 -0.0906741  -0.09764323 -0.08842641 -0.09043026
 -0.09980854 -0.09054975 -0.09099513 -0.10017535 -0.09039198 -0.09068671
 -0.09662661 -0.08927651 -0.08914834 -0.09705182 -0.08906167 -0.08894652
 -0.10166194 -0.08971048 -0.09325553 -0.10154235 -0.08950912 -0.09304656
 -0.09792418 -0.08843522 -0.09135728 -0.09805827 -0.08819655 -0.09114784]
[0.04886746 0.04284657 0.04253669 0.04873005 0.04261603 0.04241635
 0.05028615 0.04358922 0.04353861 0.05013656 0.04341291 0.04338777
 0.04827382 0.04264934 0.04254358 0.04820089 0.04252732 0.04249108
 0.04949142 0.0439049  0.0437635  0.04937131 0.04373253 0.04362723
 0.04949432 0.0453051  0.04546232 0.04948659 0.04541204 0.04540394
 0.05104945 0.04574085 0.04635998 0.05099111 0.04585509 0.04628173
 0.05098497 0.04237522 0.04214923 0.05103882 0.04208555 0.04199334
 0.05207288 0.04363792 0.04354114 0.05203396 0.04334517 0.04334321
 0.05155979 0.04307571 0.0435707  0.05138519 0.0428874  0.04342826
 0.05260047 0.04405357 0.04418952 0.05240577 0.04386374 0.04402088
 0.05103206 0.04361831 0.04274916 0.05127028 0.04333267 0.04266976
 0.05253438 0.04554526 0.0434773  0.05254933 0.04513088 0.04336493]
[55 29 38 56 26 35 47 10 20 48  7 18 51 34 32 52 33 30 39 13 19 40 11 16
 72 54 50 71 53 49 68 46 42 67 45 41 65 15 37 66 14 36 59  4 24 60  2 22
 63 23 27 64 21 25 57  9  8 58  6  5 70 17 44 69 12 43 61  3 31 62  1 28]
mdts_cos
[
    {
        'regressor': [KNeighborsRegressor()],
        'regressor__n_neighbors': [10, 15],
        'pca': [None, PCA(n_components=0.95)],
        'scaler': [None, StandardScaler(), RobustScaler()],
        'regressor__weights': ['uniform', 'distance'],
        'regressor__metric': ['euclidean', 'manhattan', 'chebyshev']
    }
]
[-0.11022248 -0.10539503 -0.10594905 -0.11031995 -0.10538299 -0.10599244
 -0.10739321 -0.10216047 -0.10217771 -0.10741939 -0.10214575 -0.10227408
 -0.10885879 -0.10669899 -0.10648578 -0.10904519 -0.10681757 -0.10673093
 -0.10520296 -0.10251375 -0.10244614 -0.10544814 -0.10275183 -0.10276214
 -0.11297148 -0.10773216 -0.10601088 -0.11282947 -0.10779472 -0.10613688
 -0.10929503 -0.10524219 -0.10431539 -0.10921855 -0.10526105 -0.10437039
 -0.11541538 -0.10370445 -0.10569841 -0.11594699 -0.10406518 -0.10594437
 -0.11119497 -0.10172105 -0.10272699 -0.11174839 -0.10189208 -0.10294561
 -0.1148471  -0.10322397 -0.10559702 -0.11536399 -0.10345951 -0.10565042
 -0.11094071 -0.10112743 -0.10221131 -0.11143431 -0.10124287 -0.10238936
 -0.11452435 -0.10487979 -0.10483177 -0.11494889 -0.1051473  -0.10502213
 -0.11068763 -0.10164378 -0.10205464 -0.11108482 -0.10185753 -0.10220632]
[0.04147369 0.03734989 0.0378088  0.0412804  0.03720496 0.03774099
 0.04226587 0.03852067 0.03842745 0.04217248 0.038407   0.03834724
 0.04015547 0.03671253 0.03681213 0.03996659 0.03667268 0.03681359
 0.04124974 0.03763823 0.03791238 0.0410614  0.03757594 0.03781103
 0.04324636 0.04086653 0.04067863 0.04325075 0.04080989 0.04057478
 0.04497698 0.04138531 0.04148662 0.04488986 0.04138908 0.04137755
 0.0435087  0.03726793 0.03745865 0.04370806 0.03698194 0.03714954
 0.04444195 0.03824304 0.03850727 0.0445545  0.03799429 0.03823325
 0.04472964 0.03691288 0.03883063 0.04474504 0.03683666 0.0385363
 0.04548523 0.0378244  0.03920437 0.04546297 0.03769447 0.03898443
 0.04409046 0.03861155 0.03699489 0.04425434 0.03824871 0.03670629
 0.0447546  0.04005542 0.03793137 0.0449035  0.03972371 0.03763355]
[57 35 41 58 34 42 49  9 10 50  8 13 53 46 45 54 48 47 31 16 15 36 18 19
 66 51 43 65 52 44 56 32 25 55 33 26 71 23 39 72 24 40 62  4 17 64  6 20
 68 21 37 70 22 38 60  1 12 63  2 14 67 28 27 69 30 29 59  3  7 61  5 11]
shts_max
[
    {
        'regressor': [KNeighborsRegressor()],
        'regressor__n_neighbors': [10, 15],
        'pca': [None, PCA(n_components=0.95)],
        'scaler': [None, StandardScaler(), RobustScaler()],
        'regressor__weights': ['uniform', 'distance'],
        'regressor__metric': ['euclidean', 'manhattan', 'chebyshev']
    }
]
[-0.64927235 -0.6333247  -0.62497307 -0.64941835 -0.63385474 -0.62646517
 -0.64095499 -0.62019454 -0.61564273 -0.64057168 -0.62062012 -0.61662155
 -0.62124133 -0.63417195 -0.63181407 -0.62131917 -0.63393844 -0.63223122
 -0.61489573 -0.62415967 -0.62344699 -0.6144707  -0.6238273  -0.62311008
 -0.87779483 -0.75362304 -0.71850676 -0.8763804  -0.75064416 -0.71791925
 -0.87079004 -0.74335381 -0.71754721 -0.86876935 -0.74044427 -0.71543412
 -0.6324149  -0.63207702 -0.62588183 -0.63129611 -0.63196001 -0.6274701
 -0.62429895 -0.61941787 -0.61370957 -0.62251439 -0.61905407 -0.61476739
 -0.64221397 -0.63780469 -0.63654198 -0.64122952 -0.63809517 -0.63786048
 -0.63637587 -0.63113941 -0.62553566 -0.63485473 -0.63049092 -0.6261607
 -0.63201603 -0.6313255  -0.62563339 -0.63110715 -0.63120767 -0.626452
 -0.62546421 -0.62150002 -0.61187604 -0.6235843  -0.62080341 -0.61213804]
[0.17348009 0.14463712 0.14904148 0.17294744 0.14463642 0.14939468
 0.17183358 0.13968306 0.14700479 0.1711299  0.13933089 0.14700742
 0.17227117 0.15406198 0.15933652 0.1714763  0.15403956 0.15935595
 0.1716024  0.15150049 0.15549008 0.17022799 0.15058263 0.15493659
 0.25847603 0.14007397 0.15985401 0.25739974 0.13890017 0.15978464
 0.26185809 0.14187131 0.16030161 0.26097983 0.14008969 0.15959639
 0.17056827 0.14802944 0.16499088 0.17082589 0.14812419 0.16628272
 0.17116994 0.14570697 0.1601273  0.17003023 0.14513172 0.16065807
 0.17452113 0.13956842 0.1517105  0.17426224 0.14034725 0.1533464
 0.17280296 0.13710443 0.14881356 0.17206688 0.13714199 0.14931426
 0.17524037 0.15564448 0.17837099 0.17628214 0.15526108 0.17760534
 0.17378617 0.15069441 0.16883539 0.17353081 0.14991225 0.16876922]
[59 45 24 60 46 31 56 11  7 55 12  8 14 48 39 15 47 43  6 22 19  4 21 18
 72 68 64 71 67 63 70 66 62 69 65 61 44 42 28 37 40 32 23 10  3 17  9  5
 58 52 51 57 54 53 50 35 26 49 33 29 41 38 27 34 36 30 25 16  1 20 13  2]
shts_med
[
    {
        'regressor': [KNeighborsRegressor()],
        'regressor__n_neighbors': [10, 15],
        'pca': [None, PCA(n_components=0.95)],
        'scaler': [None, StandardScaler(), RobustScaler()],
        'regressor__weights': ['uniform', 'distance'],
        'regressor__metric': ['euclidean', 'manhattan', 'chebyshev']
    }
]
[-0.56489198 -0.55602976 -0.54792101 -0.5642565  -0.55581568 -0.54824978
 -0.5586098  -0.54567941 -0.54136785 -0.55725697 -0.54533787 -0.54107847
 -0.54433495 -0.55270586 -0.55122541 -0.54337218 -0.55189981 -0.55083555
 -0.53861893 -0.54552253 -0.54570078 -0.53707773 -0.54451299 -0.54437195
 -0.76217149 -0.65662725 -0.62891366 -0.76041872 -0.65389957 -0.6274579
 -0.75464099 -0.64702107 -0.6295312  -0.7525649  -0.64422882 -0.62672855
 -0.54898678 -0.55470064 -0.54792726 -0.54709926 -0.55374845 -0.54827708
 -0.54400192 -0.54395485 -0.53948289 -0.54098294 -0.54288826 -0.53914058
 -0.5577632  -0.5566359  -0.55736518 -0.55593537 -0.55660078 -0.55726189
 -0.5547314  -0.55121375 -0.54925969 -0.55183181 -0.55034658 -0.54845644
 -0.55090012 -0.55292126 -0.54998337 -0.54879381 -0.55215041 -0.54960518
 -0.54740687 -0.54439338 -0.53814729 -0.54401165 -0.54298217 -0.5372755 ]
[0.12725221 0.09779812 0.1036713  0.12739558 0.09792764 0.10425665
 0.12591797 0.09487846 0.10165612 0.12569453 0.0947524  0.10184613
 0.12223278 0.10376481 0.11088807 0.12203571 0.10399485 0.11109962
 0.12151436 0.10336084 0.10882787 0.12085073 0.10292561 0.10850832
 0.20967391 0.10155639 0.12194187 0.20915472 0.10072027 0.12185538
 0.2113518  0.10417733 0.12335004 0.21093169 0.10262418 0.12244731
 0.12489129 0.10111387 0.11646304 0.12538866 0.10127575 0.11774763
 0.12553959 0.10000683 0.11312666 0.12477265 0.09968563 0.1137353
 0.12951933 0.0966192  0.10792178 0.12958224 0.09741627 0.10919279
 0.12946605 0.09438414 0.10661409 0.12889676 0.09475702 0.10689203
 0.12832648 0.10783725 0.12913404 0.12966077 0.10749982 0.12959124
 0.12877522 0.10434665 0.12201648 0.12848701 0.10363694 0.12235685]
[60 51 26 59 49 28 58 22  9 54 20  8 16 44 40 12 42 37  4 21 23  1 19 17
 72 68 63 71 67 62 70 66 64 69 65 61 32 47 27 24 46 29 14 13  6  7 10  5
 57 53 56 50 52 55 48 39 33 41 36 30 38 45 35 31 43 34 25 18  3 15 11  2]

*****************************************************************************
*                                                                           *
*                    JOB EFFICIENCY REPORT (seff 13075899)                   *
*                                                                           *
*****************************************************************************

Job ID: 13075899
Cluster: finisterrae3
User/Group: curso342/ulc
State: COMPLETED (exit code 0)
Nodes: 1
Cores per node: 32
CPU Utilized: 2-07:59:16
CPU Efficiency: 98.55% of 2-08:48:32 core-walltime
Job Wall-clock time: 01:46:31
Memory Utilized: 9.24 GB
Memory Efficiency: 57.76% of 16.00 GB

 +++++++++++++++++++++++++++++++++++++++++++++++++++++++++++++++++++++++++++
 ++   Memory Efficiency is too small. Please review the requested memory. ++
 ++ It seems that you do not need that much memory so we recommend        ++
 ++ requesting less memory in other similar jobs.                         ++
 +++++++++++++++++++++++++++++++++++++++++++++++++++++++++++++++++++++++++++
 
*****************************************************************************

