slurmstepd: info: Setting TMPDIR to /scratch/13084764. Previous errors about TMPDIR can be discarded
dwi_sin
[
    {
        'regressor': [KNeighborsRegressor()],
        'regressor__n_neighbors': [70, 100],
        'pca': [None, PCA(n_components=0.95)],
        'scaler': [None, StandardScaler(), RobustScaler()],
        'regressor__weights': ['uniform', 'distance'],
        'regressor__metric': ['euclidean', 'manhattan', 'chebyshev']
    }
]
[-0.46984475 -0.47661002 -0.48678333 -0.46788701 -0.47489941 -0.48438219
 -0.46931247 -0.47458614 -0.48605907 -0.46706286 -0.47277819 -0.48331868
 -0.46845287 -0.47234509 -0.47949017 -0.46670039 -0.47109199 -0.47743487
 -0.46740385 -0.47070002 -0.47887318 -0.46521934 -0.46918334 -0.4764515
 -0.56792121 -0.50607537 -0.52744261 -0.56129849 -0.50364697 -0.52347723
 -0.58264905 -0.50624449 -0.53389842 -0.57477692 -0.50351752 -0.52889471
 -0.4703216  -0.47471669 -0.48723472 -0.46825052 -0.47284805 -0.48469898
 -0.46875672 -0.47283225 -0.48746621 -0.46654026 -0.47085259 -0.48443684
 -0.46876209 -0.47267559 -0.47607056 -0.46686947 -0.47089679 -0.47406199
 -0.46779612 -0.47092426 -0.47659475 -0.46563214 -0.46899857 -0.47406792
 -0.47293316 -0.47717487 -0.51065019 -0.47018081 -0.47517801 -0.50624123
 -0.47241383 -0.47565341 -0.51283365 -0.46942836 -0.47362292 -0.50777654]
[0.0562906  0.06526077 0.06333748 0.05616705 0.065216   0.06384964
 0.05546467 0.06562806 0.06321023 0.05564921 0.06562986 0.0638156
 0.05940425 0.06313602 0.06203421 0.05925133 0.0633694  0.06253191
 0.05788371 0.06324494 0.06092739 0.05827202 0.063487   0.06163856
 0.04175525 0.06026933 0.06254488 0.04179739 0.0605944  0.06374544
 0.04026638 0.06039435 0.06053567 0.04053073 0.06085701 0.06167112
 0.05469693 0.06469682 0.06214873 0.05528086 0.06466534 0.062683
 0.05462457 0.06449426 0.06099127 0.0552197  0.0645964  0.06181203
 0.05616228 0.06647017 0.0652634  0.05678421 0.06634991 0.0656199
 0.05452111 0.06605055 0.06509239 0.05550329 0.06619268 0.06552681
 0.05485326 0.06303019 0.05610179 0.05477157 0.0631452  0.05709812
 0.05535075 0.06391141 0.05454639 0.05541587 0.06399332 0.05565995]
[18 44 54  9 38 50 16 36 53  6 29 49 11 26 48  4 25 46  7 21 47  1 15 42
 70 59 66 69 58 65 72 61 68 71 57 67 20 37 55 10 31 52 12 30 56  3 22 51
 13 28 41  5 23 34  8 24 43  2 14 35 32 45 63 19 39 60 27 40 64 17 33 62]
dwi_cos
[
    {
        'regressor': [KNeighborsRegressor()],
        'regressor__n_neighbors': [70, 100],
        'pca': [None, PCA(n_components=0.95)],
        'scaler': [None, StandardScaler(), RobustScaler()],
        'regressor__weights': ['uniform', 'distance'],
        'regressor__metric': ['euclidean', 'manhattan', 'chebyshev']
    }
]
[-0.43782107 -0.42817757 -0.43056381 -0.43487163 -0.42632484 -0.42826729
 -0.44133632 -0.42910215 -0.43160153 -0.4379508  -0.42677898 -0.4288827
 -0.42571929 -0.42649253 -0.42855139 -0.423418   -0.42493521 -0.42669057
 -0.42714043 -0.42644632 -0.42943928 -0.42439134 -0.42456385 -0.42709141
 -0.52474297 -0.45137012 -0.45060032 -0.52020521 -0.44863603 -0.44767149
 -0.5308358  -0.45305802 -0.45133167 -0.52606335 -0.45005652 -0.44821454
 -0.43445283 -0.42669123 -0.42972553 -0.43125756 -0.42466564 -0.42726569
 -0.4375599  -0.42799463 -0.43021462 -0.43359627 -0.42528934 -0.4271828
 -0.43535661 -0.42780153 -0.42898096 -0.43206944 -0.42591901 -0.42666185
 -0.43762868 -0.42879818 -0.42938462 -0.43369548 -0.42638245 -0.42648973
 -0.44345768 -0.43158584 -0.43518239 -0.43935266 -0.4286712  -0.4320674
 -0.44836653 -0.43323923 -0.43746882 -0.44325441 -0.42967147 -0.43341717]
[0.05243485 0.0406342  0.04338143 0.05250457 0.04086073 0.04369056
 0.05468557 0.04208628 0.04573825 0.05470811 0.04226096 0.04585445
 0.04580861 0.0430407  0.04742305 0.04590413 0.04313004 0.0473323
 0.04700615 0.04377174 0.04792379 0.04704846 0.04400794 0.04798343
 0.08836017 0.04226252 0.04599475 0.08850372 0.04263476 0.04595844
 0.09250865 0.04278772 0.04707304 0.09256967 0.04311616 0.04721753
 0.04564021 0.03974625 0.04314196 0.0457024  0.0398852  0.04310511
 0.04718141 0.04065982 0.04479435 0.04711674 0.04082328 0.04472897
 0.04694783 0.03836828 0.04237047 0.04678692 0.03840153 0.04248018
 0.0493982  0.03937133 0.04333984 0.0490362  0.0393378  0.04337388
 0.04819653 0.04125001 0.04520805 0.04796931 0.04126971 0.04476856
 0.05000884 0.0412306  0.04666161 0.04965395 0.04146072 0.04624578]
[54 24 37 48  9 25 57 31 40 55 17 29  7 13 26  1  5 15 19 11 33  2  3 18
 70 67 65 69 63 60 72 68 66 71 64 61 47 16 35 38  4 21 52 23 36 45  6 20
 50 22 30 42  8 14 53 28 32 46 10 12 59 39 49 56 27 41 62 43 51 58 34 44]
wind_max
[
    {
        'regressor': [KNeighborsRegressor()],
        'regressor__n_neighbors': [70, 100],
        'pca': [None, PCA(n_components=0.95)],
        'scaler': [None, StandardScaler(), RobustScaler()],
        'regressor__weights': ['uniform', 'distance'],
        'regressor__metric': ['euclidean', 'manhattan', 'chebyshev']
    }
]
[-2.35820971 -2.54073891 -2.51103053 -2.34666533 -2.52379505 -2.49508616
 -2.36294542 -2.551459   -2.51844571 -2.34918279 -2.53192572 -2.5001563
 -2.37751742 -2.52962118 -2.50220434 -2.36363656 -2.51413919 -2.48728911
 -2.37967386 -2.53338244 -2.51142743 -2.36439143 -2.51582997 -2.49415394
 -2.40122102 -2.73857522 -2.60051422 -2.38998496 -2.71546398 -2.58149287
 -2.40178095 -2.78174863 -2.62824511 -2.38997599 -2.75397493 -2.60562369
 -2.34269778 -2.52475449 -2.50004861 -2.3306248  -2.50787229 -2.48309637
 -2.34494689 -2.53843917 -2.51118153 -2.33001408 -2.51731276 -2.49061666
 -2.34137014 -2.51503352 -2.47597684 -2.33030169 -2.49689516 -2.45864545
 -2.34856382 -2.52984638 -2.48914986 -2.3345987  -2.50823217 -2.46871993
 -2.34905611 -2.55955382 -2.54591236 -2.33664986 -2.54337655 -2.52674829
 -2.35411009 -2.56815435 -2.5538453  -2.33861177 -2.54779303 -2.53243902]
[0.44217599 0.40658297 0.41068275 0.43784179 0.40079351 0.40258906
 0.45360044 0.43075906 0.43112167 0.44712384 0.422149   0.42062291
 0.4448586  0.42570231 0.43398688 0.43991842 0.41896631 0.4245432
 0.45285233 0.44702882 0.45349674 0.44635974 0.43776007 0.44187407
 0.47693468 0.4794689  0.41588566 0.47465461 0.47449798 0.40988652
 0.48500859 0.50072351 0.43325438 0.48229829 0.49494788 0.42599294
 0.4326341  0.39352233 0.39390117 0.4275473  0.38739361 0.38381317
 0.4408802  0.41488369 0.42006515 0.43401221 0.40499307 0.40641417
 0.42628027 0.41112352 0.40656802 0.4224053  0.40397928 0.39614717
 0.43953687 0.43579322 0.43244679 0.43316816 0.42515642 0.41866455
 0.43554827 0.38718521 0.39045197 0.43070777 0.38290665 0.38279715
 0.44766969 0.4009609  0.41128769 0.43951229 0.39340264 0.40049792]
[15 57 40 10 48 33 16 61 47 13 53 36 19 51 37 17 43 29 20 55 42 18 45 32
 23 70 66 22 69 65 24 72 68 21 71 67  8 49 35  3 38 28  9 56 41  1 46 31
  7 44 27  2 34 25 11 52 30  4 39 26 12 63 59  5 58 50 14 64 62  6 60 54]
wind_med
[
    {
        'regressor': [KNeighborsRegressor()],
        'regressor__n_neighbors': [70, 100],
        'pca': [None, PCA(n_components=0.95)],
        'scaler': [None, StandardScaler(), RobustScaler()],
        'regressor__weights': ['uniform', 'distance'],
        'regressor__metric': ['euclidean', 'manhattan', 'chebyshev']
    }
]
[-2.03346602 -2.18579199 -2.15792727 -2.02233907 -2.17111082 -2.1436761
 -2.03641682 -2.19508146 -2.16176176 -2.02456169 -2.17874529 -2.14669119
 -2.05485422 -2.17378757 -2.15169044 -2.04175593 -2.16015235 -2.13813146
 -2.05385676 -2.18034463 -2.15699784 -2.04055335 -2.16493007 -2.14254661
 -2.05602012 -2.36783124 -2.23829815 -2.04610711 -2.34760774 -2.22171211
 -2.05533882 -2.4095144  -2.26046039 -2.04535322 -2.3848409  -2.24113668
 -2.02893255 -2.17294714 -2.14906086 -2.0164001  -2.1577291  -2.13353559
 -2.02821238 -2.18550262 -2.15661282 -2.01486364 -2.16751427 -2.13930891
 -2.02442724 -2.16970511 -2.13225213 -2.01382261 -2.15336492 -2.1168777
 -2.0308405  -2.18190239 -2.14474011 -2.01805689 -2.16356741 -2.12731248
 -2.03315201 -2.19639887 -2.18411107 -2.02058621 -2.18145682 -2.16738217
 -2.03666401 -2.20673112 -2.18909884 -2.02192474 -2.18842944 -2.17108032]
[0.45128038 0.43953563 0.44619478 0.44955304 0.43654629 0.44129086
 0.45894823 0.45997204 0.46112119 0.45660116 0.45508988 0.45512416
 0.45908116 0.45899486 0.46383228 0.45719332 0.45480823 0.4579285
 0.46404247 0.47674599 0.48130311 0.46196176 0.47123335 0.47393008
 0.47552018 0.47983024 0.43740199 0.47472541 0.47668762 0.43465909
 0.47882809 0.4930166  0.44758144 0.47858969 0.48962278 0.44444346
 0.44816595 0.42902769 0.43244335 0.44483587 0.42519733 0.42423989
 0.45476293 0.44698414 0.45323786 0.45158372 0.44100171 0.44297923
 0.44306366 0.44660071 0.43873065 0.44122163 0.44279975 0.43134855
 0.45292778 0.4611312  0.46076352 0.44986493 0.4556526  0.45147554
 0.45064431 0.42368293 0.4268197  0.44780115 0.42068541 0.42144088
 0.45944281 0.43418526 0.44547727 0.45512689 0.42945495 0.43739367]
[14 59 41  7 50 32 15 62 43  9 53 34 22 52 36 18 42 29 21 54 39 17 45 31
 24 70 66 20 69 65 23 72 68 19 71 67 11 51 35  3 40 28 10 58 38  2 47 30
  8 48 27  1 37 25 12 56 33  4 44 26 13 63 57  5 55 46 16 64 61  6 60 49]
shww_max
[
    {
        'regressor': [KNeighborsRegressor()],
        'regressor__n_neighbors': [70, 100],
        'pca': [None, PCA(n_components=0.95)],
        'scaler': [None, StandardScaler(), RobustScaler()],
        'regressor__weights': ['uniform', 'distance'],
        'regressor__metric': ['euclidean', 'manhattan', 'chebyshev']
    }
]
[-0.91695666 -0.95286624 -0.92611221 -0.91410808 -0.94838394 -0.92252888
 -0.93013539 -0.960718   -0.93559515 -0.92376727 -0.95449012 -0.92908091
 -0.91627084 -0.94616499 -0.92686119 -0.91326042 -0.94268949 -0.92394701
 -0.92714098 -0.95573513 -0.93879069 -0.9207401  -0.94941851 -0.93248857
 -0.96691885 -1.06576903 -0.97651131 -0.9628301  -1.05935622 -0.97068297
 -0.97586192 -1.08193246 -0.99106726 -0.97012481 -1.07370635 -0.98298476
 -0.91793266 -0.94189166 -0.92035685 -0.91485055 -0.93747805 -0.91716723
 -0.9306276  -0.95139591 -0.93255502 -0.92297258 -0.94393638 -0.92480306
 -0.92344659 -0.94774324 -0.93188068 -0.91992729 -0.94339795 -0.92677628
 -0.93105324 -0.95805777 -0.94031061 -0.92483228 -0.95074036 -0.93271326
 -0.9190796  -0.94494079 -0.92568421 -0.91569873 -0.94052267 -0.9223767
 -0.93286421 -0.9537807  -0.93354324 -0.92387502 -0.94593659 -0.92565565]
[0.41623644 0.43299956 0.42199961 0.41546127 0.43023063 0.41976278
 0.42886284 0.44508935 0.43787231 0.4243991  0.4400364  0.4317473
 0.42117152 0.43665545 0.43248788 0.42014909 0.4343685  0.42992986
 0.43471339 0.45380278 0.44744394 0.42951848 0.44793369 0.44124908
 0.46087606 0.48773821 0.44661221 0.45861034 0.48402952 0.44146289
 0.47149336 0.49959076 0.45987488 0.46760109 0.49507448 0.45305797
 0.41526735 0.42281448 0.41764421 0.41332215 0.42107142 0.41598237
 0.4268541  0.43719478 0.43568311 0.42088847 0.43144388 0.42857407
 0.42056027 0.43041505 0.42448804 0.41819237 0.42792638 0.42117859
 0.43195425 0.44141434 0.4405863  0.42658625 0.43585286 0.43307975
 0.41565671 0.42470582 0.4260098  0.41341046 0.42273507 0.42537046
 0.42858763 0.43504899 0.43854708 0.42083444 0.42978524 0.43225024]
[ 6 55 24  2 51 14 29 60 38 17 57 28  5 49 26  1 44 19 27 58 40 12 52 33
 62 70 66 61 69 64 65 72 68 63 71 67  8 43 11  3 39  7 30 54 34 15 46 20
 16 50 32 10 45 25 31 59 41 21 53 35  9 47 23  4 42 13 36 56 37 18 48 22]
shww_med
[
    {
        'regressor': [KNeighborsRegressor()],
        'regressor__n_neighbors': [70, 100],
        'pca': [None, PCA(n_components=0.95)],
        'scaler': [None, StandardScaler(), RobustScaler()],
        'regressor__weights': ['uniform', 'distance'],
        'regressor__metric': ['euclidean', 'manhattan', 'chebyshev']
    }
]
[-0.69510633 -0.72151997 -0.7010385  -0.69312817 -0.71806858 -0.698508
 -0.70836776 -0.73037322 -0.71015597 -0.70292866 -0.72504233 -0.70494029
 -0.69344033 -0.71674169 -0.7026257  -0.69143778 -0.7141166  -0.70057116
 -0.70488415 -0.72639087 -0.7139311  -0.69944023 -0.72101287 -0.70868715
 -0.74214896 -0.81979015 -0.74337736 -0.7389464  -0.81426373 -0.73891992
 -0.74952172 -0.83455932 -0.75659066 -0.74492284 -0.82733645 -0.74986513
 -0.69619455 -0.71132022 -0.69618346 -0.69382891 -0.70792146 -0.69398779
 -0.70877044 -0.72130215 -0.70708633 -0.70199846 -0.71485514 -0.70084649
 -0.70107418 -0.71751263 -0.70585093 -0.69807527 -0.7138862  -0.70157285
 -0.7085855  -0.72753699 -0.71543458 -0.70315457 -0.72109577 -0.708565
 -0.69809453 -0.7139513  -0.70077963 -0.69558861 -0.71048147 -0.69911255
 -0.71083729 -0.72276433 -0.70716985 -0.70313669 -0.71600685 -0.70159838]
[0.34223677 0.35398986 0.34761485 0.3415932  0.35158272 0.3456503
 0.35362374 0.36613127 0.36114245 0.34936641 0.36120663 0.35554485
 0.34568008 0.3561605  0.35278294 0.34485385 0.35416203 0.35073987
 0.35786914 0.37206032 0.3673773  0.35290473 0.36634681 0.36144981
 0.37985791 0.41073274 0.37470747 0.37783046 0.40704671 0.37011646
 0.38851962 0.42110063 0.38687838 0.38492949 0.41677198 0.38042076
 0.34102065 0.34389291 0.34334377 0.33959644 0.34272855 0.34221676
 0.35199737 0.35759064 0.35852151 0.3463581  0.35222603 0.35228931
 0.34700233 0.35468259 0.35041757 0.34476887 0.35207556 0.34710358
 0.35724279 0.36365225 0.36445335 0.35205598 0.35814915 0.35711663
 0.34000781 0.34611624 0.34957374 0.33870085 0.34498463 0.34984757
 0.35181957 0.35469996 0.35874289 0.34505108 0.35024906 0.35405039]
[ 6 55 18  2 51 12 33 60 38 24 57 28  3 49 23  1 45 15 27 58 43 14 52 36
 63 70 64 62 69 61 66 72 68 65 71 67  9 41  8  4 32  5 37 54 30 22 46 17
 19 50 29 10 42 20 35 59 47 26 53 34 11 44 16  7 39 13 40 56 31 25 48 21]
mdts_sin
[
    {
        'regressor': [KNeighborsRegressor()],
        'regressor__n_neighbors': [70, 100],
        'pca': [None, PCA(n_components=0.95)],
        'scaler': [None, StandardScaler(), RobustScaler()],
        'regressor__weights': ['uniform', 'distance'],
        'regressor__metric': ['euclidean', 'manhattan', 'chebyshev']
    }
]
[-0.09003449 -0.08593002 -0.08639572 -0.08991101 -0.08577538 -0.08627859
 -0.08968967 -0.08569075 -0.08605592 -0.08955549 -0.08553414 -0.08593389
 -0.08842096 -0.08563622 -0.08582089 -0.08829486 -0.08545474 -0.08566569
 -0.08802452 -0.08537017 -0.08587269 -0.08788204 -0.08515943 -0.08565529
 -0.09389933 -0.08916394 -0.08829387 -0.09388065 -0.08912045 -0.0881322
 -0.09315252 -0.08851069 -0.0879924  -0.09310719 -0.08844415 -0.08778696
 -0.09218803 -0.08580062 -0.08666156 -0.09216037 -0.0855528  -0.0864954
 -0.0914954  -0.08544451 -0.08620299 -0.09146249 -0.08521533 -0.08603159
 -0.09183825 -0.08582974 -0.08593606 -0.09187797 -0.08571072 -0.08581029
 -0.09133143 -0.08547458 -0.08572685 -0.09133591 -0.08534503 -0.08556656
 -0.09217406 -0.08539754 -0.0877578  -0.09220241 -0.08511389 -0.08761988
 -0.09165045 -0.0853766  -0.08672088 -0.09165255 -0.08504027 -0.08667307]
[0.05316058 0.04836665 0.04760901 0.05306131 0.04797215 0.04726767
 0.05382198 0.04915043 0.04848937 0.05370374 0.04876015 0.04813113
 0.05239317 0.0485011  0.04806799 0.05229868 0.0480885  0.0477109
 0.05281168 0.04911116 0.04897824 0.05271024 0.04872535 0.04859941
 0.05476005 0.04832445 0.04875008 0.05473624 0.04830379 0.04871899
 0.05494273 0.04851889 0.04897455 0.05497337 0.04853246 0.04899536
 0.05456251 0.04848348 0.04786825 0.05447503 0.04799681 0.04740213
 0.05489305 0.04926779 0.04882791 0.05480938 0.04879977 0.04833769
 0.05448472 0.04819798 0.04845005 0.0543535  0.0478674  0.04806685
 0.05469683 0.04893893 0.04899053 0.05458281 0.04861358 0.04865303
 0.05481024 0.04903371 0.04820566 0.05475421 0.04859966 0.04774719
 0.05514876 0.04996862 0.04897304 0.05507854 0.04947086 0.04850075]
[56 27 34 55 21 33 54 18 31 53 12 28 48 15 24 47 10 17 44  6 26 42  3 16
 72 52 46 71 51 45 70 50 43 69 49 41 67 22 36 65 13 35 60  9 32 59  4 30
 63 25 29 64 19 23 57 11 20 58  5 14 66  8 40 68  2 39 61  7 38 62  1 37]
mdts_cos
[
    {
        'regressor': [KNeighborsRegressor()],
        'regressor__n_neighbors': [70, 100],
        'pca': [None, PCA(n_components=0.95)],
        'scaler': [None, StandardScaler(), RobustScaler()],
        'regressor__weights': ['uniform', 'distance'],
        'regressor__metric': ['euclidean', 'manhattan', 'chebyshev']
    }
]
[-0.10174706 -0.09579867 -0.09583197 -0.10172694 -0.09583332 -0.09590734
 -0.10127306 -0.09516945 -0.09537423 -0.10124556 -0.09520038 -0.09541291
 -0.09938901 -0.09547445 -0.09536146 -0.09940445 -0.09556067 -0.09549735
 -0.09884023 -0.09482814 -0.09515741 -0.09883267 -0.09488195 -0.09519225
 -0.1027526  -0.10054416 -0.09863718 -0.10274326 -0.10049076 -0.09860662
 -0.10230483 -0.10002336 -0.0979655  -0.10228564 -0.09986632 -0.09790131
 -0.10401635 -0.0956591  -0.0959391  -0.10413912 -0.09567621 -0.09600694
 -0.1032635  -0.09499259 -0.0952502  -0.10334627 -0.09499427 -0.09527633
 -0.10382013 -0.09540079 -0.09551727 -0.10396834 -0.09545296 -0.09564112
 -0.10301573 -0.0948729  -0.09506901 -0.10316349 -0.09488238 -0.09512248
 -0.10355733 -0.09540154 -0.09623428 -0.10376059 -0.09549411 -0.09623851
 -0.10295424 -0.09495219 -0.09549944 -0.10308511 -0.09497146 -0.09551416]
[0.0447757  0.0419385  0.04118018 0.04473415 0.04171743 0.04104714
 0.04540636 0.04253266 0.04159852 0.0453437  0.04231496 0.04145871
 0.04358692 0.0416063  0.04094207 0.04356812 0.04136835 0.04078769
 0.04404308 0.04180486 0.04144365 0.04400129 0.04162746 0.04128263
 0.04824601 0.04379406 0.04418115 0.04822634 0.04375197 0.0441259
 0.04822561 0.04443536 0.04463073 0.04823699 0.04439756 0.04460003
 0.04692005 0.04201617 0.04111799 0.046942   0.04169827 0.04093073
 0.04700057 0.04256701 0.04174178 0.04704316 0.04226704 0.04151994
 0.04715112 0.04140054 0.04140731 0.04714838 0.04120174 0.04122771
 0.04705403 0.04198637 0.04162437 0.0471     0.04177513 0.04148367
 0.04687743 0.04246354 0.04138734 0.04689649 0.04223035 0.04110931
 0.04718674 0.04307335 0.04200173 0.04718477 0.04280201 0.04171334]
[56 33 34 55 35 36 54 12 18 53 14 21 47 23 17 48 29 25 46  1 11 45  3 13
 60 52 44 59 51 43 58 50 42 57 49 41 71 31 37 72 32 38 65  7 15 66  8 16
 69 19 28 70 22 30 62  2  9 64  4 10 67 20 39 68 24 40 61  5 26 63  6 27]
shts_max
[
    {
        'regressor': [KNeighborsRegressor()],
        'regressor__n_neighbors': [70, 100],
        'pca': [None, PCA(n_components=0.95)],
        'scaler': [None, StandardScaler(), RobustScaler()],
        'regressor__weights': ['uniform', 'distance'],
        'regressor__metric': ['euclidean', 'manhattan', 'chebyshev']
    }
]
[-0.66877187 -0.62273235 -0.62087663 -0.66375541 -0.61985976 -0.61783474
 -0.68586496 -0.63426038 -0.63220983 -0.67925104 -0.62968277 -0.62739008
 -0.63845293 -0.62739497 -0.62151605 -0.6337144  -0.62392525 -0.61855331
 -0.65428286 -0.63687169 -0.63228073 -0.6477772  -0.6321147  -0.62761965
 -0.90631232 -0.76234532 -0.74218161 -0.90064817 -0.75706789 -0.73581601
 -0.92473435 -0.7774145  -0.75882755 -0.91798164 -0.77070386 -0.75086422
 -0.65391769 -0.6187998  -0.61377432 -0.64555054 -0.61509421 -0.61009133
 -0.67059062 -0.62960201 -0.62538727 -0.66001731 -0.623936   -0.61939083
 -0.65759101 -0.63727024 -0.63124024 -0.65027589 -0.63293439 -0.6270778
 -0.67592601 -0.65024054 -0.64424975 -0.66616431 -0.6441664  -0.63790683
 -0.66596305 -0.61937837 -0.61602109 -0.65560812 -0.61514782 -0.61015561
 -0.68525181 -0.62865161 -0.62681049 -0.67245067 -0.62237579 -0.61906911]
[0.18784522 0.14574513 0.15602697 0.18451801 0.14351811 0.1532645
 0.20145524 0.15275212 0.16652401 0.19643931 0.14942276 0.16198357
 0.18392227 0.16757181 0.17049941 0.18064386 0.16389593 0.16678095
 0.19544651 0.17526297 0.18071538 0.19032524 0.17070735 0.17540237
 0.30175423 0.18108161 0.19736001 0.29857371 0.1761857  0.19165034
 0.3125231  0.19385507 0.21736241 0.30885034 0.18810574 0.20966865
 0.18588565 0.14542453 0.15750713 0.18130303 0.14348892 0.15526481
 0.19911667 0.15204024 0.1660883  0.19235    0.14826923 0.16153537
 0.19170798 0.14383307 0.15685954 0.18684985 0.14164513 0.15408078
 0.20630226 0.15338328 0.16573415 0.19943395 0.14947802 0.16115737
 0.19513098 0.14982341 0.1666915  0.19005101 0.14747742 0.16280651
 0.20795964 0.15553272 0.17323543 0.20086937 0.1514882  0.16751893]
[54 17 14 51 13  7 60 35 31 58 28 23 39 24 15 34 18  8 47 36 32 43 30 25
 70 66 62 69 64 61 72 68 65 71 67 63 46  9  3 42  4  1 55 27 20 50 19 12
 49 37 29 45 33 22 57 44 41 53 40 38 52 11  6 48  5  2 59 26 21 56 16 10]
shts_med
[
    {
        'regressor': [KNeighborsRegressor()],
        'regressor__n_neighbors': [70, 100],
        'pca': [None, PCA(n_components=0.95)],
        'scaler': [None, StandardScaler(), RobustScaler()],
        'regressor__weights': ['uniform', 'distance'],
        'regressor__metric': ['euclidean', 'manhattan', 'chebyshev']
    }
]
[-0.58793582 -0.55004832 -0.55040201 -0.58216031 -0.54656181 -0.54646656
 -0.60338256 -0.56092872 -0.56087582 -0.5962582  -0.55586476 -0.55538564
 -0.56209071 -0.55340173 -0.54912732 -0.55656437 -0.54924983 -0.54527708
 -0.57666207 -0.56228848 -0.55985619 -0.56957074 -0.55699012 -0.55431427
 -0.79056544 -0.66579366 -0.65364953 -0.78514622 -0.66065125 -0.64727159
 -0.80679994 -0.67850207 -0.66859074 -0.80041396 -0.67217683 -0.66083737
 -0.57549613 -0.54659099 -0.54397302 -0.56624743 -0.54217195 -0.53912499
 -0.59075765 -0.55669626 -0.55451855 -0.57961884 -0.55042033 -0.54765746
 -0.57822116 -0.56091459 -0.55669816 -0.57008989 -0.55612563 -0.55193549
 -0.59515974 -0.57211649 -0.56917499 -0.58490388 -0.56580635 -0.56230495
 -0.58584652 -0.54832384 -0.54749963 -0.5749033  -0.54310297 -0.54052262
 -0.60359215 -0.55631985 -0.55812807 -0.59044289 -0.54945588 -0.54941289]
[0.14705384 0.10810535 0.11876249 0.14337548 0.10542321 0.11553071
 0.16146934 0.11606876 0.12989399 0.15608942 0.11217942 0.12492189
 0.14061932 0.12474775 0.12817204 0.13702686 0.12099402 0.12456724
 0.15392288 0.13329267 0.13915416 0.14833367 0.12852351 0.13381249
 0.24959607 0.14510835 0.16052047 0.24654561 0.14036557 0.15500537
 0.25946831 0.15749367 0.17860324 0.25600858 0.152004   0.17136883
 0.14702155 0.10726144 0.11989949 0.14185285 0.10462213 0.11694762
 0.16055939 0.11543994 0.13007339 0.15316102 0.1108152  0.12468346
 0.15231218 0.10822245 0.12042674 0.14711315 0.10539203 0.11706612
 0.16683124 0.11838091 0.13060961 0.15965975 0.11378507 0.12534489
 0.15550298 0.11104965 0.12883876 0.14941185 0.10781631 0.12422267
 0.16827836 0.11770098 0.13610302 0.16029068 0.1127905  0.12973047]
[54 17 18 51  8  7 59 36 34 58 25 24 37 21 13 28 14  6 48 38 33 43 31 22
 70 65 62 69 63 61 72 68 66 71 67 64 47  9  5 41  3  1 56 29 23 50 19 11
 49 35 30 44 26 20 57 45 42 52 40 39 53 12 10 46  4  2 60 27 32 55 16 15]

*****************************************************************************
*                                                                           *
*                    JOB EFFICIENCY REPORT (seff 13084764)                   *
*                                                                           *
*****************************************************************************

Job ID: 13084764
Cluster: finisterrae3
User/Group: curso342/ulc
State: COMPLETED (exit code 0)
Nodes: 1
Cores per node: 32
CPU Utilized: 2-10:00:15
CPU Efficiency: 99.04% of 2-10:34:08 core-walltime
Job Wall-clock time: 01:49:49
Memory Utilized: 9.64 GB
Memory Efficiency: 60.23% of 16.00 GB

 +++++++++++++++++++++++++++++++++++++++++++++++++++++++++++++++++++++++++++
 ++   Memory Efficiency is too small. Please review the requested memory. ++
 ++ It seems that you do not need that much memory so we recommend        ++
 ++ requesting less memory in other similar jobs.                         ++
 +++++++++++++++++++++++++++++++++++++++++++++++++++++++++++++++++++++++++++
 
*****************************************************************************

