slurmstepd: info: Setting TMPDIR to /scratch/13084765. Previous errors about TMPDIR can be discarded
dwi_sin
[
    {
        'regressor': [KNeighborsRegressor()],
        'regressor__n_neighbors': [30, 50],
        'pca': [None, PCA(n_components=0.95)],
        'scaler': [None, StandardScaler(), RobustScaler()],
        'regressor__weights': ['uniform', 'distance'],
        'regressor__metric': ['euclidean', 'manhattan', 'chebyshev']
    }
]
[-0.47595495 -0.48203297 -0.49171448 -0.47446575 -0.48096407 -0.49016274
 -0.47142882 -0.47856504 -0.48827827 -0.46969003 -0.47707044 -0.48622118
 -0.47579681 -0.48249501 -0.48641211 -0.4747512  -0.48169298 -0.4853662
 -0.46959326 -0.47584796 -0.48091316 -0.4684207  -0.47479505 -0.47933004
 -0.54858422 -0.50911885 -0.52569507 -0.54365423 -0.50679608 -0.52263904
 -0.55875244 -0.50645162 -0.5258634  -0.55278992 -0.50416235 -0.5221631
 -0.47559461 -0.47952479 -0.4929801  -0.47414938 -0.47863103 -0.49112431
 -0.47256216 -0.47606528 -0.48861372 -0.47059537 -0.474548   -0.48640624
 -0.4759856  -0.47848542 -0.48360475 -0.47449075 -0.4773874  -0.48224407
 -0.47046881 -0.47519162 -0.47925313 -0.46883788 -0.47361422 -0.47732106
 -0.47573025 -0.48086744 -0.50894431 -0.47401779 -0.48015185 -0.50584788
 -0.47366563 -0.47843526 -0.50866888 -0.4712198  -0.47680416 -0.50494847]
[0.05453745 0.06365307 0.0641681  0.05412514 0.06354461 0.0644519
 0.05590821 0.06576123 0.06427481 0.05560923 0.06552676 0.06453599
 0.05804494 0.06184439 0.0609571  0.05733673 0.06194909 0.06155531
 0.05957822 0.0637378  0.06281459 0.05908885 0.06380239 0.06322342
 0.04376851 0.06163324 0.06702936 0.04383388 0.06157597 0.06767479
 0.0423924  0.06130046 0.06504529 0.04247933 0.06135921 0.06615023
 0.05541557 0.06339528 0.06235705 0.05549701 0.06324394 0.06300164
 0.05551255 0.06466813 0.06245679 0.0557594  0.06450463 0.06291098
 0.05645391 0.06410051 0.06234803 0.05644141 0.06396213 0.06299518
 0.05669284 0.06560154 0.06496862 0.05696476 0.06552242 0.06524587
 0.05180984 0.06370742 0.0579331  0.05204124 0.06360864 0.0592892
 0.05463036 0.06293928 0.0566461  0.05457    0.06307579 0.05788803]
[24 43 55 14 41 53  8 33 51  4 28 48 22 45 50 17 42 47  3 23 40  1 18 36
 70 64 67 69 61 66 72 60 68 71 57 65 20 37 56 13 34 54  9 26 52  6 16 49
 25 32 46 15 30 44  5 19 35  2 10 29 21 39 63 12 38 59 11 31 62  7 27 58]
dwi_cos
[
    {
        'regressor': [KNeighborsRegressor()],
        'regressor__n_neighbors': [30, 50],
        'pca': [None, PCA(n_components=0.95)],
        'scaler': [None, StandardScaler(), RobustScaler()],
        'regressor__weights': ['uniform', 'distance'],
        'regressor__metric': ['euclidean', 'manhattan', 'chebyshev']
    }
]
[-0.43336406 -0.43135967 -0.43159861 -0.43149189 -0.4300619  -0.43047279
 -0.43608853 -0.42806888 -0.43013408 -0.43345249 -0.42660209 -0.42818874
 -0.42774809 -0.43196971 -0.43197166 -0.42638932 -0.43103963 -0.43128369
 -0.42523688 -0.4275693  -0.42900547 -0.42333761 -0.4262842  -0.42766911
 -0.51277346 -0.44983885 -0.45047153 -0.50927593 -0.44771871 -0.44820801
 -0.52004946 -0.45143399 -0.45128661 -0.51590146 -0.44877912 -0.44836727
 -0.43576173 -0.4306659  -0.43164754 -0.43369031 -0.42948602 -0.43084539
 -0.4345692  -0.42752642 -0.42919742 -0.43194437 -0.42577064 -0.42754922
 -0.43606523 -0.43141788 -0.43185076 -0.43389442 -0.43037337 -0.43115261
 -0.43394152 -0.42820392 -0.42941222 -0.43124456 -0.42665302 -0.4277258
 -0.44139341 -0.43226996 -0.43589731 -0.4388501  -0.43095516 -0.43426945
 -0.44129579 -0.42931401 -0.43464744 -0.43784801 -0.42753762 -0.43226925]
[0.0472323  0.03871265 0.040081   0.04744223 0.0390848  0.04051919
 0.05085339 0.0390442  0.04215104 0.05096265 0.03931741 0.04247273
 0.04131168 0.04076784 0.04276616 0.04164228 0.04087723 0.04291627
 0.04482979 0.04232956 0.04538987 0.04496307 0.04241634 0.04542807
 0.07558119 0.03941207 0.04133098 0.07628702 0.03995112 0.04157189
 0.08354129 0.04024745 0.04338116 0.08382009 0.04074519 0.0435827
 0.04175169 0.03733351 0.03788932 0.04218183 0.03773332 0.0381941
 0.0438203  0.03871317 0.04092661 0.04401375 0.03885168 0.04101783
 0.04118656 0.03431602 0.03909661 0.04170342 0.03500835 0.03933982
 0.04419808 0.03639942 0.04142278 0.04430831 0.03670457 0.0414227
 0.04464503 0.03802134 0.03918085 0.0447454  0.03849775 0.03955057
 0.04616615 0.03992699 0.04353259 0.04610797 0.03991076 0.043135  ]
[45 34 37 36 23 26 56 15 24 46  6 16 14 41 42  5 30 33  2 11 18  1  4 12
 70 65 66 69 61 62 72 68 67 71 64 63 53 27 38 47 22 28 51  8 19 40  3 10
 55 35 39 48 25 31 49 17 21 32  7 13 60 44 54 58 29 50 59 20 52 57  9 43]
wind_max
[
    {
        'regressor': [KNeighborsRegressor()],
        'regressor__n_neighbors': [30, 50],
        'pca': [None, PCA(n_components=0.95)],
        'scaler': [None, StandardScaler(), RobustScaler()],
        'regressor__weights': ['uniform', 'distance'],
        'regressor__metric': ['euclidean', 'manhattan', 'chebyshev']
    }
]
[-2.37926188 -2.53594132 -2.50573911 -2.36753981 -2.52607583 -2.49598165
 -2.36375981 -2.53472044 -2.51114601 -2.35243827 -2.52064108 -2.49592543
 -2.38610693 -2.53163737 -2.50506055 -2.37576565 -2.52295101 -2.49628411
 -2.37427954 -2.52155353 -2.49947001 -2.36224571 -2.50984752 -2.48694603
 -2.41291539 -2.69254753 -2.5810778  -2.40247555 -2.6752659  -2.56640976
 -2.40061777 -2.7133058  -2.59107349 -2.3902165  -2.69293658 -2.57363941
 -2.35599155 -2.52261338 -2.5058394  -2.34846394 -2.51493095 -2.49660163
 -2.34334092 -2.51991323 -2.50014597 -2.33358769 -2.50692331 -2.48508333
 -2.35957803 -2.51659611 -2.48654027 -2.3535633  -2.50521155 -2.47475088
 -2.33962908 -2.5127964  -2.47071525 -2.33183522 -2.49725476 -2.45646463
 -2.37025176 -2.56849627 -2.54892451 -2.3608025  -2.56107468 -2.53604446
 -2.35508632 -2.54991017 -2.53989943 -2.34333443 -2.53917123 -2.52390887]
[0.42496905 0.37632661 0.36860323 0.4207907  0.37336241 0.36454329
 0.43730719 0.3951677  0.39035809 0.43325265 0.39047815 0.38432847
 0.42770513 0.38533355 0.38837306 0.42382886 0.38216289 0.38209224
 0.43650528 0.40738086 0.41033549 0.4327927  0.40245318 0.4034833
 0.4683681  0.44049405 0.38457097 0.46652838 0.43622906 0.38013205
 0.46837202 0.46835293 0.40497654 0.46707326 0.46325089 0.39910652
 0.41570211 0.3615449  0.3529775  0.41164785 0.35918471 0.34806239
 0.42289397 0.38083709 0.38079795 0.41987262 0.37666783 0.37206063
 0.41041308 0.37675128 0.36186203 0.40891169 0.37422178 0.35488382
 0.41809803 0.39243431 0.39030845 0.41593064 0.38805048 0.38164109
 0.42410965 0.3704213  0.37243571 0.41962819 0.36660067 0.3647739
 0.43456004 0.38296725 0.38600608 0.42923776 0.37868241 0.37827556]
[19 57 40 15 54 32 14 56 44  7 49 31 20 55 38 18 52 33 17 50 36 13 43 30
 24 70 67 23 69 64 22 72 68 21 71 66 10 51 41  6 46 34  5 48 37  2 42 28
 11 47 29  8 39 27  3 45 26  1 35 25 16 65 61 12 63 58  9 62 60  4 59 53]
wind_med
[
    {
        'regressor': [KNeighborsRegressor()],
        'regressor__n_neighbors': [30, 50],
        'pca': [None, PCA(n_components=0.95)],
        'scaler': [None, StandardScaler(), RobustScaler()],
        'regressor__weights': ['uniform', 'distance'],
        'regressor__metric': ['euclidean', 'manhattan', 'chebyshev']
    }
]
[-2.04957838 -2.17952307 -2.15324729 -2.03909262 -2.1693924  -2.14319204
 -2.03774395 -2.17997495 -2.15789282 -2.02659257 -2.16711709 -2.14370614
 -2.06557804 -2.17055405 -2.15090461 -2.05523688 -2.16249702 -2.14250999
 -2.05102566 -2.16793534 -2.14676284 -2.03930746 -2.15671849 -2.13514653
 -2.06324352 -2.31958283 -2.22075095 -2.05487948 -2.30444694 -2.2077378
 -2.0552156  -2.34425937 -2.22784235 -2.04595914 -2.3260994  -2.21295814
 -2.03986076 -2.16994085 -2.1488479  -2.03120528 -2.16036271 -2.14014063
 -2.0294567  -2.16999638 -2.15245259 -2.01863099 -2.1567471  -2.13711659
 -2.04330812 -2.16470758 -2.13941215 -2.03539259 -2.15341263 -2.12879101
 -2.02545888 -2.16529264 -2.12546343 -2.01621501 -2.1504847  -2.11285108
 -2.0507501  -2.20320287 -2.18758713 -2.04105192 -2.19461183 -2.17535994
 -2.03650601 -2.18863625 -2.18082002 -2.02516384 -2.17713245 -2.16570016]
[0.43609552 0.40919168 0.40619681 0.43508588 0.40858519 0.40487733
 0.44603505 0.42662783 0.42817772 0.4447341  0.42480314 0.42488834
 0.44754482 0.4179637  0.41946492 0.44603107 0.41717137 0.41667629
 0.45709618 0.44075104 0.44407867 0.4550857  0.43844814 0.43991376
 0.46343951 0.44865743 0.41006598 0.46361763 0.44595526 0.40869875
 0.4657989  0.46917053 0.42934119 0.46574738 0.46607038 0.4263496
 0.43167744 0.39808426 0.39025096 0.42999106 0.39688462 0.38647811
 0.43976356 0.41674654 0.4185745  0.43775794 0.41394032 0.41095677
 0.43378172 0.41360115 0.39624429 0.43269824 0.41317754 0.39184148
 0.43749303 0.42990995 0.42355135 0.43627852 0.42810736 0.41733329
 0.44133409 0.40953609 0.40937343 0.43957499 0.40565676 0.40339608
 0.44886221 0.41964101 0.42440405 0.44632453 0.41550974 0.4180193 ]
[17 58 40 11 52 33 10 59 44  5 50 34 24 55 38 22 46 32 19 51 35 12 42 28
 23 70 67 20 69 65 21 72 68 16 71 66 13 53 36  7 45 31  6 54 39  2 43 29
 15 47 30  8 41 27  4 48 26  1 37 25 18 64 61 14 63 56  9 62 60  3 57 49]
shww_max
[
    {
        'regressor': [KNeighborsRegressor()],
        'regressor__n_neighbors': [30, 50],
        'pca': [None, PCA(n_components=0.95)],
        'scaler': [None, StandardScaler(), RobustScaler()],
        'regressor__weights': ['uniform', 'distance'],
        'regressor__metric': ['euclidean', 'manhattan', 'chebyshev']
    }
]
[-0.9182061  -0.94602064 -0.9261221  -0.91793475 -0.94493924 -0.92535357
 -0.91137591 -0.94501879 -0.92242543 -0.91067445 -0.94246735 -0.920646
 -0.91468136 -0.94882792 -0.93201045 -0.91490387 -0.94841027 -0.93149474
 -0.90980904 -0.94311412 -0.92443293 -0.90919137 -0.94128487 -0.92342548
 -0.96376506 -1.05031742 -0.95798239 -0.96109978 -1.04542472 -0.95606981
 -0.96241588 -1.06095111 -0.96466207 -0.95941625 -1.05474596 -0.96097492
 -0.92284681 -0.94148608 -0.92472976 -0.92304012 -0.94078726 -0.92485057
 -0.91311708 -0.93766392 -0.91655643 -0.91318647 -0.93563629 -0.91598343
 -0.92291588 -0.94732655 -0.92773458 -0.92280958 -0.9459655  -0.92742718
 -0.91928316 -0.94298428 -0.92476069 -0.9179001  -0.94047203 -0.9226596
 -0.92560351 -0.94551252 -0.92893798 -0.92467054 -0.94532207 -0.92864213
 -0.91814631 -0.94159122 -0.92425434 -0.91671413 -0.93964184 -0.92300655]
[0.42034458 0.42283372 0.41563987 0.42133992 0.42256088 0.4159162
 0.41395515 0.42514778 0.41525894 0.41505862 0.4240948  0.41520692
 0.42008829 0.43202288 0.42409381 0.42118211 0.43090916 0.42379824
 0.41520603 0.43390325 0.4240345  0.41664399 0.4326336  0.42391142
 0.44847288 0.46544618 0.41812755 0.44859575 0.46289821 0.41811462
 0.45130496 0.48071648 0.4354948  0.45060367 0.47712458 0.43230864
 0.41526861 0.41882522 0.41279149 0.41505621 0.41856497 0.41427833
 0.40812133 0.41584486 0.41230707 0.40938311 0.41646548 0.41360278
 0.41246025 0.4223325  0.41282375 0.41302659 0.42216394 0.41367996
 0.41403242 0.42370927 0.41430119 0.41378605 0.42312792 0.41428067
 0.41529652 0.41438218 0.42297517 0.41493161 0.41507144 0.42467199
 0.4093957  0.4170348  0.42223915 0.41004635 0.41770229 0.4238669 ]
[15 57 34 13 52 32  4 53 18  3 49 17  7 60 40  8 59 39  2 51 27  1 46 25
 67 70 62 65 69 61 66 72 68 63 71 64 21 47 29 24 45 31  5 42 10  6 41  9
 22 58 36 20 56 35 16 50 30 12 44 19 33 55 38 28 54 37 14 48 26 11 43 23]
shww_med
[
    {
        'regressor': [KNeighborsRegressor()],
        'regressor__n_neighbors': [30, 50],
        'pca': [None, PCA(n_components=0.95)],
        'scaler': [None, StandardScaler(), RobustScaler()],
        'regressor__weights': ['uniform', 'distance'],
        'regressor__metric': ['euclidean', 'manhattan', 'chebyshev']
    }
]
[-0.69416182 -0.71426339 -0.6993079  -0.69465323 -0.71375977 -0.69921521
 -0.69039073 -0.71432343 -0.69775931 -0.69019807 -0.71257193 -0.69676539
 -0.69140822 -0.7165482  -0.70484961 -0.69223354 -0.71666853 -0.7050451
 -0.68805769 -0.71367934 -0.69970418 -0.68814203 -0.71253607 -0.69946005
 -0.73883288 -0.80527714 -0.7300307  -0.73696735 -0.80116108 -0.72869853
 -0.73818845 -0.81516583 -0.73403039 -0.73603113 -0.80985487 -0.73151013
 -0.69838316 -0.70912328 -0.69919599 -0.69902725 -0.70887428 -0.69952841
 -0.69052042 -0.70743314 -0.69237678 -0.69114079 -0.70605926 -0.69248153
 -0.69834846 -0.71513597 -0.6993786  -0.69871465 -0.71401715 -0.69932838
 -0.69580963 -0.71270152 -0.69900658 -0.6950658  -0.71070765 -0.69733087
 -0.700203   -0.71203571 -0.70426801 -0.70026464 -0.71217912 -0.70465552
 -0.69618591 -0.70996829 -0.69961263 -0.69552243 -0.70874132 -0.69969309]
[0.34608713 0.34630552 0.34321219 0.34710086 0.34651903 0.34363696
 0.34064341 0.34698187 0.34226628 0.34163608 0.34630082 0.34233848
 0.34559054 0.3525545  0.34758456 0.34692596 0.35227664 0.34784412
 0.34036522 0.35369603 0.34612609 0.3418606  0.35283649 0.34640386
 0.37186113 0.39199325 0.35241733 0.37179316 0.38925424 0.35199736
 0.372215   0.40515971 0.36517406 0.37165268 0.4014168  0.36248441
 0.34180579 0.34424814 0.34167419 0.34211453 0.34440645 0.34313042
 0.33621969 0.33975724 0.33968702 0.33742583 0.3406043  0.34112402
 0.34053756 0.34843936 0.34148644 0.34144098 0.34812838 0.34192147
 0.34100291 0.34887663 0.34196253 0.34101241 0.3481001  0.34164945
 0.34150058 0.33920477 0.35097506 0.34174232 0.34056335 0.35267671
 0.3345391  0.34012479 0.34656164 0.33597756 0.34144765 0.34888255]
[11 56 27 12 54 26  4 57 19  3 51 17  7 59 39  8 60 40  1 53 34  2 50 30
 68 70 62 66 69 61 67 72 64 65 71 63 21 45 25 24 44 31  5 42  9  6 41 10
 20 58 29 22 55 28 15 52 23 13 47 18 35 48 37 36 49 38 16 46 32 14 43 33]
mdts_sin
[
    {
        'regressor': [KNeighborsRegressor()],
        'regressor__n_neighbors': [30, 50],
        'pca': [None, PCA(n_components=0.95)],
        'scaler': [None, StandardScaler(), RobustScaler()],
        'regressor__weights': ['uniform', 'distance'],
        'regressor__metric': ['euclidean', 'manhattan', 'chebyshev']
    }
]
[-0.09145401 -0.08704334 -0.08778853 -0.09145359 -0.08696638 -0.08766307
 -0.09048814 -0.08611392 -0.08678383 -0.09040383 -0.08601541 -0.08668114
 -0.08973937 -0.08690344 -0.08709572 -0.08977347 -0.08673502 -0.08695744
 -0.08878285 -0.08587965 -0.0863157  -0.08874093 -0.08574917 -0.0861853
 -0.09743429 -0.09045345 -0.08984452 -0.09733721 -0.09050942 -0.08987485
 -0.09472059 -0.08956863 -0.08855343 -0.09472066 -0.08958329 -0.08849795
 -0.09383513 -0.08647183 -0.08799383 -0.09400813 -0.08636722 -0.08786222
 -0.09262444 -0.08589463 -0.08741304 -0.09267841 -0.08571768 -0.08718222
 -0.09382676 -0.08706006 -0.08709789 -0.0939864  -0.08694372 -0.08694603
 -0.09231468 -0.08625287 -0.08646731 -0.09242599 -0.08614376 -0.0862957
 -0.09418904 -0.08569353 -0.08975736 -0.0943636  -0.08558573 -0.08948264
 -0.09259192 -0.08561415 -0.08878361 -0.09271735 -0.08536033 -0.08854313]
[0.05208915 0.04637549 0.04543025 0.05194703 0.04600114 0.04517363
 0.05272111 0.04733387 0.04639603 0.05261238 0.04697637 0.04613269
 0.05170858 0.04632335 0.04575971 0.05153902 0.0460107  0.04550283
 0.05222358 0.04772001 0.04734349 0.05209117 0.04733641 0.04698911
 0.05322094 0.04713293 0.04761784 0.05313916 0.04711744 0.04750912
 0.05453326 0.04808395 0.04838903 0.05445193 0.04801574 0.04830354
 0.05328771 0.04605385 0.04554719 0.05327876 0.0456251  0.04519225
 0.05420179 0.04759035 0.04676035 0.05412236 0.0471154  0.04637035
 0.05291326 0.04618885 0.04611271 0.05294882 0.04590209 0.04583453
 0.05393397 0.04746734 0.04760792 0.05384913 0.04713624 0.04724645
 0.05399986 0.04688384 0.04599305 0.05388465 0.04653456 0.04562266
 0.05459843 0.04822863 0.04744127 0.05449986 0.04782018 0.04697252]
[56 27 34 55 26 33 53 10 21 51  9 19 46 22 29 48 20 25 41  7 15 40  6 12
 72 52 49 71 54 50 69 44 39 70 45 37 64 18 36 66 16 35 60  8 32 61  5 31
 63 28 30 65 23 24 57 13 17 58 11 14 67  4 47 68  2 43 59  3 42 62  1 38]
mdts_cos
[
    {
        'regressor': [KNeighborsRegressor()],
        'regressor__n_neighbors': [30, 50],
        'pca': [None, PCA(n_components=0.95)],
        'scaler': [None, StandardScaler(), RobustScaler()],
        'regressor__weights': ['uniform', 'distance'],
        'regressor__metric': ['euclidean', 'manhattan', 'chebyshev']
    }
]
[-0.10399173 -0.0980729  -0.09830495 -0.10403271 -0.09820863 -0.09842539
 -0.10251833 -0.09648552 -0.09667822 -0.10251592 -0.09656904 -0.09675956
 -0.10137744 -0.09790824 -0.09826779 -0.10152691 -0.09808925 -0.09846522
 -0.10017775 -0.0961993  -0.09629831 -0.10022159 -0.0963303  -0.09648427
 -0.10571757 -0.10233578 -0.10073982 -0.10565927 -0.10241561 -0.1008555
 -0.10351495 -0.10124644 -0.09912945 -0.10350591 -0.10128078 -0.09917896
 -0.10634679 -0.09775656 -0.09814769 -0.10672744 -0.09794806 -0.09842046
 -0.10472713 -0.09611007 -0.09687613 -0.10492946 -0.09621573 -0.09695033
 -0.10654666 -0.09760566 -0.09805548 -0.10685034 -0.097728   -0.09827962
 -0.1044378  -0.09600458 -0.09639564 -0.10469418 -0.09610317 -0.09652107
 -0.10645331 -0.09742022 -0.09851533 -0.10674922 -0.09764061 -0.09858947
 -0.1042651  -0.0963143  -0.09735439 -0.10455076 -0.09639054 -0.0973056 ]
[0.04359399 0.04012221 0.03994502 0.04355564 0.03992045 0.0397921
 0.04439447 0.04134756 0.04040362 0.04435825 0.04110327 0.04030082
 0.04301822 0.03986653 0.03938918 0.04288985 0.03967273 0.03922478
 0.0435333  0.04088729 0.04051359 0.04346549 0.04068346 0.04034113
 0.04641701 0.0420781  0.04272476 0.04637686 0.04206407 0.04262498
 0.04773358 0.04325658 0.04381837 0.04770195 0.0431778  0.0437113
 0.04581973 0.04023773 0.04000769 0.04588592 0.03988061 0.03975306
 0.04664737 0.0414484  0.04081889 0.0466694  0.04109207 0.04058608
 0.04564742 0.04010052 0.04040343 0.04584294 0.0398678  0.04020595
 0.04663939 0.04105269 0.04102086 0.04669683 0.04081107 0.0408191
 0.0461002  0.04099317 0.04017146 0.04611932 0.0407691  0.03981176
 0.04667165 0.04213684 0.04102509 0.04669201 0.04188464 0.04069739]
[57 29 35 58 32 37 54 12 15 53 14 16 49 26 33 50 30 38 43  4  6 44  8 11
 66 51 45 65 52 46 56 47 41 55 48 42 67 25 31 70 27 36 63  3 17 64  5 18
 69 22 28 72 24 34 60  1 10 62  2 13 68 21 39 71 23 40 59  7 20 61  9 19]
shts_max
[
    {
        'regressor': [KNeighborsRegressor()],
        'regressor__n_neighbors': [30, 50],
        'pca': [None, PCA(n_components=0.95)],
        'scaler': [None, StandardScaler(), RobustScaler()],
        'regressor__weights': ['uniform', 'distance'],
        'regressor__metric': ['euclidean', 'manhattan', 'chebyshev']
    }
]
[-0.64357771 -0.61655248 -0.61314532 -0.6415809  -0.61536961 -0.61211392
 -0.65552004 -0.61789244 -0.61509608 -0.65191993 -0.61590554 -0.61300338
 -0.61573117 -0.62132604 -0.61374535 -0.61389833 -0.61974624 -0.61265169
 -0.62558788 -0.61923674 -0.61600806 -0.62241233 -0.6172575  -0.61384996
 -0.8763616  -0.7454566  -0.7191104  -0.87266264 -0.7418085  -0.71578947
 -0.89268311 -0.75523676 -0.7308646  -0.88771955 -0.75032848 -0.72585531
 -0.6261944  -0.61383727 -0.60606292 -0.62276116 -0.61212132 -0.60536257
 -0.63938058 -0.61344485 -0.60888216 -0.63330456 -0.61097368 -0.60633685
 -0.63452404 -0.62693805 -0.61941833 -0.63146936 -0.62449581 -0.61799213
 -0.64425202 -0.6306473  -0.62462145 -0.63929289 -0.62721016 -0.6215868
 -0.63744842 -0.61240008 -0.60442668 -0.63141706 -0.61085107 -0.6031736
 -0.65066263 -0.61344752 -0.60684775 -0.64270716 -0.61078141 -0.60369501]
[0.1739174  0.14141555 0.14830508 0.17223419 0.13985445 0.14690605
 0.17891144 0.1428704  0.15166234 0.17658401 0.14113949 0.14943403
 0.17356443 0.15639363 0.15574593 0.17161615 0.15422823 0.15425587
 0.17761068 0.15975856 0.16315767 0.17533352 0.15720709 0.16036588
 0.27795063 0.15858512 0.17064877 0.27615506 0.15570016 0.16800723
 0.29177224 0.17104661 0.18474126 0.28900298 0.16694527 0.18045076
 0.17322939 0.14413557 0.15306884 0.171076   0.1429836  0.15279487
 0.17779202 0.14388909 0.15580135 0.17478676 0.14243534 0.15419786
 0.17559663 0.13869036 0.15037874 0.17348254 0.13760129 0.14908472
 0.18218142 0.14143156 0.15283506 0.17896598 0.13963125 0.15100091
 0.1824345  0.14528752 0.15848231 0.17940391 0.14435117 0.15833672
 0.18732576 0.14591906 0.15925325 0.18364564 0.14450369 0.15780239]
[56 29 17 54 25 12 60 31 24 59 27 16 26 36 20 23 35 15 42 33 28 38 30 22
 70 66 62 69 65 61 72 68 64 71 67 63 43 21  5 39 13  4 53 18  8 49 11  6
 50 44 34 48 40 32 57 46 41 52 45 37 51 14  3 47 10  1 58 19  7 55  9  2]
shts_med
[
    {
        'regressor': [KNeighborsRegressor()],
        'regressor__n_neighbors': [30, 50],
        'pca': [None, PCA(n_components=0.95)],
        'scaler': [None, StandardScaler(), RobustScaler()],
        'regressor__weights': ['uniform', 'distance'],
        'regressor__metric': ['euclidean', 'manhattan', 'chebyshev']
    }
]
[-0.56364602 -0.54301158 -0.54109018 -0.56046545 -0.54103228 -0.53890599
 -0.57537542 -0.54445263 -0.54460949 -0.57085012 -0.54193585 -0.54143264
 -0.540408   -0.54657203 -0.54025662 -0.53740282 -0.54397419 -0.53799647
 -0.55037085 -0.54582425 -0.54395919 -0.54619671 -0.54294466 -0.54068515
 -0.76347881 -0.65100283 -0.63209301 -0.75966175 -0.6472028  -0.62827281
 -0.77836746 -0.65979147 -0.64335442 -0.77348117 -0.6549181  -0.63805878
 -0.54942132 -0.53932773 -0.53477975 -0.54441796 -0.53695449 -0.53250613
 -0.561645   -0.54090114 -0.53866024 -0.55450527 -0.53767382 -0.53484009
 -0.55569048 -0.54964738 -0.54570703 -0.55128554 -0.54683683 -0.54313585
 -0.56532458 -0.55413445 -0.55080474 -0.55924857 -0.55024847 -0.54694842
 -0.55894502 -0.54001084 -0.53425072 -0.55184613 -0.53738047 -0.53162885
 -0.57218469 -0.5419442  -0.53760931 -0.56320897 -0.53830076 -0.53328266]
[0.12984803 0.09910527 0.10618863 0.12831066 0.09753785 0.10472364
 0.13735179 0.10294641 0.11294283 0.13483    0.10102697 0.11038717
 0.12645233 0.11016349 0.11233171 0.12463129 0.10824831 0.11084904
 0.13280158 0.11606115 0.12029094 0.13038795 0.11348968 0.11762167
 0.22647148 0.12231552 0.13437375 0.22494359 0.1192506  0.13174621
 0.23958492 0.13475516 0.14922738 0.23707445 0.13073622 0.14490101
 0.13021978 0.10055624 0.11105947 0.12794619 0.09943279 0.11030472
 0.13773034 0.10349951 0.11572443 0.13429891 0.10168556 0.1136226
 0.13375768 0.09761122 0.1100612  0.13153883 0.09651108 0.10847851
 0.14120781 0.10388512 0.11464085 0.13791594 0.1016313  0.1124172
 0.13910851 0.10201816 0.11691725 0.13587001 0.10073725 0.11626767
 0.14648331 0.10585877 0.11934878 0.14204479 0.10378712 0.11724709]
[56 28 23 53 22 15 60 33 34 58 25 24 19 38 18  9 31 12 44 36 30 37 27 20
 70 66 62 69 65 61 72 68 64 71 67 63 41 16  5 32  7  2 54 21 14 49 11  6
 50 42 35 46 39 29 57 48 45 52 43 40 51 17  4 47  8  1 59 26 10 55 13  3]

*****************************************************************************
*                                                                           *
*                    JOB EFFICIENCY REPORT (seff 13084765)                   *
*                                                                           *
*****************************************************************************

Job ID: 13084765
Cluster: finisterrae3
User/Group: curso342/ulc
State: COMPLETED (exit code 0)
Nodes: 1
Cores per node: 32
CPU Utilized: 2-09:00:56
CPU Efficiency: 99.22% of 2-09:28:00 core-walltime
Job Wall-clock time: 01:47:45
Memory Utilized: 9.46 GB
Memory Efficiency: 59.12% of 16.00 GB

 +++++++++++++++++++++++++++++++++++++++++++++++++++++++++++++++++++++++++++
 ++   Memory Efficiency is too small. Please review the requested memory. ++
 ++ It seems that you do not need that much memory so we recommend        ++
 ++ requesting less memory in other similar jobs.                         ++
 +++++++++++++++++++++++++++++++++++++++++++++++++++++++++++++++++++++++++++
 
*****************************************************************************

