slurmstepd: info: Setting TMPDIR to /scratch/13075900. Previous errors about TMPDIR can be discarded
dwi_sin
[
    {
        'regressor': [KNeighborsRegressor()],
        'regressor__n_neighbors': [1, 3],
        'pca': [None, PCA(n_components=0.95)],
        'scaler': [None, StandardScaler(), RobustScaler()],
        'regressor__weights': ['uniform', 'distance'],
        'regressor__metric': ['euclidean', 'manhattan', 'chebyshev']
    }
]
[-0.64587882 -0.65090997 -0.66128526 -0.64587882 -0.65090997 -0.66128526
 -0.54825795 -0.558801   -0.5682812  -0.54776781 -0.5591757  -0.56844732
 -0.64892444 -0.654627   -0.65863002 -0.64892444 -0.654627   -0.65863002
 -0.55048119 -0.56540063 -0.56556476 -0.55056844 -0.56567754 -0.56578513
 -0.70801729 -0.6581181  -0.6908541  -0.70801729 -0.6581181  -0.6908541
 -0.5968489  -0.57302673 -0.59850372 -0.59571829 -0.57207421 -0.59733763
 -0.64016574 -0.65463122 -0.66939954 -0.64016574 -0.65463122 -0.66939954
 -0.55204801 -0.55824093 -0.57536243 -0.55198337 -0.55886455 -0.57514395
 -0.63972786 -0.64910418 -0.66138003 -0.63972786 -0.64910418 -0.66138003
 -0.54917681 -0.55499489 -0.56422615 -0.54881929 -0.55550505 -0.5641799
 -0.64658963 -0.66603555 -0.68021305 -0.64658963 -0.66603555 -0.68021305
 -0.54712568 -0.56044364 -0.57821679 -0.54771708 -0.56103548 -0.57868195]
[0.05334749 0.05014223 0.05060052 0.05334749 0.05014223 0.05060052
 0.04901727 0.05682606 0.05350793 0.04885218 0.05622375 0.05315701
 0.05390347 0.05452307 0.0630371  0.05390347 0.05452307 0.0630371
 0.04488191 0.0568605  0.05759624 0.0448202  0.05633429 0.05764658
 0.0430593  0.03841528 0.05190087 0.0430593  0.03841528 0.05190087
 0.04296293 0.0567747  0.06339001 0.04251043 0.05655234 0.06323645
 0.04967773 0.04777961 0.06493786 0.04967773 0.04777961 0.06493786
 0.05492187 0.05671994 0.06011621 0.05426922 0.05569602 0.05965591
 0.04714352 0.05345019 0.05734971 0.04714352 0.05345019 0.05734971
 0.05347321 0.05981607 0.05415634 0.05282022 0.05894673 0.05367294
 0.05876227 0.04496965 0.07560105 0.05876227 0.04496965 0.07560105
 0.05007308 0.05445107 0.06629344 0.05031285 0.05331025 0.06546244]
[41 49 59 41 49 59  4 14 25  3 16 26 45 51 57 45 51 57  7 21 22  8 23 24
 71 56 69 71 55 69 34 28 36 33 27 35 39 53 65 39 53 65 10 13 30  9 15 29
 37 47 61 37 47 61  6 11 20  5 12 19 43 63 67 43 63 67  1 17 31  2 18 32]
dwi_cos
[
    {
        'regressor': [KNeighborsRegressor()],
        'regressor__n_neighbors': [1, 3],
        'pca': [None, PCA(n_components=0.95)],
        'scaler': [None, StandardScaler(), RobustScaler()],
        'regressor__weights': ['uniform', 'distance'],
        'regressor__metric': ['euclidean', 'manhattan', 'chebyshev']
    }
]
[-0.58615216 -0.57325097 -0.56919577 -0.58615216 -0.57325097 -0.56919577
 -0.49676988 -0.4957886  -0.49822967 -0.4967513  -0.49659294 -0.49880209
 -0.57146674 -0.57282808 -0.57288575 -0.57146674 -0.57282808 -0.57288575
 -0.48838917 -0.49824264 -0.49919152 -0.48902215 -0.49877112 -0.49968782
 -0.63982973 -0.5919286  -0.58867748 -0.63982973 -0.5919286  -0.58867748
 -0.55477735 -0.5115883  -0.51074924 -0.55431121 -0.51153647 -0.51109879
 -0.58900197 -0.5788609  -0.58141161 -0.58900197 -0.5788609  -0.58141161
 -0.5038805  -0.49531003 -0.50181446 -0.50428305 -0.49649291 -0.50268616
 -0.58941176 -0.57408267 -0.58480405 -0.58941176 -0.57408267 -0.58480405
 -0.50290581 -0.50148056 -0.50512916 -0.50272567 -0.50206264 -0.50583826
 -0.5926648  -0.584987   -0.58330697 -0.5926648  -0.584987   -0.58330697
 -0.50411483 -0.49994241 -0.49954131 -0.50491292 -0.50124766 -0.50038781]
[0.04150283 0.02844872 0.02649115 0.04150283 0.02844872 0.02649115
 0.04175117 0.03617287 0.03539707 0.04172815 0.03676673 0.03596706
 0.02692555 0.03237279 0.02551015 0.02692555 0.03237279 0.02551015
 0.04015508 0.03875605 0.03880556 0.0402054  0.03957664 0.0395164
 0.05424528 0.02984306 0.03067338 0.05424528 0.02984306 0.03067338
 0.0614871  0.03636343 0.02765779 0.06150591 0.03673693 0.02857521
 0.03466304 0.03056911 0.0408571  0.03466304 0.03056911 0.0408571
 0.0410299  0.03442475 0.03636183 0.04047503 0.0353507  0.03708355
 0.03366023 0.02800016 0.03962527 0.03366023 0.02800016 0.03962527
 0.03927077 0.03679675 0.034201   0.03966581 0.03746439 0.03521419
 0.03670197 0.03049894 0.04000566 0.03670197 0.03049894 0.04000566
 0.03316571 0.0308613  0.03885343 0.0327695  0.03191966 0.03986094]
[59 45 37 59 45 37  8  4  9  7  6 12 39 41 43 39 41 43  1 10 13  2 11 15
 71 67 61 71 67 61 36 34 31 35 33 32 63 49 51 63 49 51 25  3 20 27  5 22
 65 48 55 65 47 55 24 19 29 23 21 30 69 57 53 69 57 53 26 16 14 28 18 17]
wind_max
[
    {
        'regressor': [KNeighborsRegressor()],
        'regressor__n_neighbors': [1, 3],
        'pca': [None, PCA(n_components=0.95)],
        'scaler': [None, StandardScaler(), RobustScaler()],
        'regressor__weights': ['uniform', 'distance'],
        'regressor__metric': ['euclidean', 'manhattan', 'chebyshev']
    }
]
[-3.17131339 -3.38747628 -3.34266588 -3.17131339 -3.38747628 -3.34266588
 -2.70485884 -2.89669104 -2.86248201 -2.70221517 -2.89510032 -2.85942684
 -3.14207199 -3.33561402 -3.2853248  -3.14207199 -3.33561402 -3.2853248
 -2.71945061 -2.899414   -2.85756644 -2.71912728 -2.8978087  -2.85614046
 -3.15045846 -3.41293041 -3.3415396  -3.15045846 -3.41293041 -3.3415396
 -2.74396081 -2.91851508 -2.91178038 -2.74023874 -2.91767508 -2.90863974
 -3.18775192 -3.37787843 -3.31951754 -3.18775192 -3.37787843 -3.31951754
 -2.74029555 -2.8962504  -2.86744257 -2.74673902 -2.90014707 -2.86846297
 -3.16367382 -3.31092767 -3.25977779 -3.16367382 -3.31092767 -3.25977779
 -2.72977159 -2.86520009 -2.84648817 -2.7345821  -2.86939757 -2.84722749
 -3.2009416  -3.42252814 -3.42594299 -3.2009416  -3.42252814 -3.42594299
 -2.72418339 -2.93738781 -2.93223111 -2.73321936 -2.93971788 -2.93380447]
[0.34829525 0.3844643  0.37577122 0.34829525 0.3844643  0.37577122
 0.3826215  0.32511693 0.32598719 0.38034329 0.32618198 0.32568942
 0.34523793 0.35755442 0.39788694 0.34523793 0.35755442 0.39788694
 0.34896845 0.32323183 0.32816714 0.34854106 0.32461687 0.32772399
 0.48119708 0.41989462 0.41680839 0.48119708 0.41989462 0.41680839
 0.44657802 0.39205703 0.41508149 0.44650103 0.39840671 0.41573875
 0.42533765 0.41324577 0.38642791 0.42533765 0.41324577 0.38642791
 0.36766173 0.30352449 0.30726205 0.36979576 0.30624443 0.31022918
 0.43552729 0.35562724 0.44172532 0.43552729 0.35562724 0.44172532
 0.36171469 0.32829617 0.30769334 0.36558185 0.33196554 0.31379992
 0.42130705 0.39006614 0.40711503 0.42130705 0.39006614 0.40711503
 0.3615714  0.29491616 0.35677806 0.3652449  0.29704125 0.35558616]
[43 65 61 43 65 61  2 25 18  1 23 17 37 57 51 37 57 51  4 27 16  3 26 15
 39 67 59 39 67 59 11 32 30  9 31 29 45 63 55 45 64 55 10 24 20 12 28 21
 41 53 49 41 53 49  6 19 13  8 22 14 47 69 71 47 69 72  5 35 33  7 36 34]
wind_med
[
    {
        'regressor': [KNeighborsRegressor()],
        'regressor__n_neighbors': [1, 3],
        'pca': [None, PCA(n_components=0.95)],
        'scaler': [None, StandardScaler(), RobustScaler()],
        'regressor__weights': ['uniform', 'distance'],
        'regressor__metric': ['euclidean', 'manhattan', 'chebyshev']
    }
]
[-2.74264566 -2.8945997  -2.85958976 -2.74264566 -2.8945997  -2.85958976
 -2.33106652 -2.46860859 -2.45751024 -2.32898816 -2.46571035 -2.45329537
 -2.70813268 -2.88061832 -2.83787374 -2.70813268 -2.88061832 -2.83787374
 -2.34690002 -2.50195271 -2.46632095 -2.34573238 -2.49985953 -2.46426838
 -2.73887218 -2.95264626 -2.87841479 -2.73887218 -2.95264626 -2.87841479
 -2.3577662  -2.51194286 -2.48178792 -2.35701959 -2.51120686 -2.47933766
 -2.76157477 -2.90107037 -2.86928633 -2.76157477 -2.90107037 -2.86928633
 -2.36373585 -2.48438807 -2.46875975 -2.3674134  -2.4853632  -2.46763788
 -2.74645467 -2.85546069 -2.83771583 -2.74645467 -2.85546069 -2.83771583
 -2.34871161 -2.46074605 -2.45991106 -2.35086092 -2.4612269  -2.45852475
 -2.7674182  -2.96272267 -2.9639442  -2.7674182  -2.96272267 -2.9639442
 -2.33880422 -2.51545495 -2.51819545 -2.34335299 -2.51802801 -2.51846038]
[0.40780198 0.4279604  0.42237194 0.40780198 0.4279604  0.42237194
 0.43267362 0.36146367 0.3625243  0.43178958 0.36301714 0.36162265
 0.42193302 0.40020475 0.40347487 0.42193302 0.40020475 0.40347487
 0.42317996 0.37731822 0.3677904  0.42261719 0.37956678 0.36680107
 0.47695158 0.45431255 0.43267124 0.47695158 0.45431255 0.43267124
 0.44562973 0.40891636 0.42749643 0.44571073 0.41548806 0.42906524
 0.46811811 0.42584346 0.42339791 0.46811811 0.42584346 0.42339791
 0.40803258 0.34649592 0.33189793 0.40871972 0.35001499 0.33472276
 0.46750079 0.38322707 0.45775765 0.46750079 0.38322707 0.45775765
 0.37588361 0.37261069 0.35129191 0.37992851 0.37482735 0.35491615
 0.49356594 0.40395797 0.44293016 0.49356594 0.40395797 0.44293016
 0.40788746 0.33191101 0.37204459 0.41082356 0.3332378  0.37010392]
[41 63 55 42 63 55  2 23 14  1 20 13 37 61 51 37 61 51  6 30 21  5 29 19
 39 67 59 39 67 59 10 32 26  9 31 25 45 65 57 45 65 57 11 27 24 12 28 22
 43 53 49 43 54 49  7 17 16  8 18 15 47 69 71 47 69 71  3 33 35  4 34 36]
shww_max
[
    {
        'regressor': [KNeighborsRegressor()],
        'regressor__n_neighbors': [1, 3],
        'pca': [None, PCA(n_components=0.95)],
        'scaler': [None, StandardScaler(), RobustScaler()],
        'regressor__weights': ['uniform', 'distance'],
        'regressor__metric': ['euclidean', 'manhattan', 'chebyshev']
    }
]
[-1.24260553 -1.25252436 -1.27035563 -1.24260553 -1.25252436 -1.27035563
 -1.04992976 -1.08258902 -1.05960337 -1.0516719  -1.08424213 -1.06200263
 -1.25728204 -1.25591507 -1.27485312 -1.25728204 -1.25591507 -1.27485312
 -1.04096956 -1.08170635 -1.07478339 -1.04503663 -1.08356073 -1.07660275
 -1.23278417 -1.29177394 -1.29125005 -1.23278417 -1.29177394 -1.29125005
 -1.04646266 -1.12300477 -1.10280307 -1.04776337 -1.12288204 -1.10359366
 -1.22295935 -1.25770881 -1.2483219  -1.22295935 -1.25770881 -1.2483219
 -1.05186519 -1.06930361 -1.05008381 -1.05544325 -1.07350344 -1.05398077
 -1.22117643 -1.26934321 -1.24019573 -1.22117643 -1.26934321 -1.24019573
 -1.03627295 -1.06814534 -1.05169981 -1.03883915 -1.07117638 -1.05672523
 -1.23320259 -1.2950974  -1.23029077 -1.23320259 -1.2950974  -1.23029077
 -1.04262244 -1.06989751 -1.04808895 -1.04753273 -1.0749274  -1.05253263]
[0.52439711 0.49251706 0.51185541 0.52439711 0.49251706 0.51185541
 0.45289895 0.43171957 0.43288966 0.45400453 0.43390159 0.43521751
 0.52021968 0.50522588 0.54069127 0.52021968 0.50522588 0.54069127
 0.44147241 0.43269513 0.43476063 0.4433224  0.43517621 0.4377437
 0.48119698 0.43224429 0.45406563 0.48119698 0.43224429 0.45406563
 0.45141942 0.44092402 0.44244399 0.45255358 0.44075105 0.44368714
 0.48283299 0.50249065 0.51422227 0.48283299 0.50249065 0.51422227
 0.43321249 0.43250256 0.43209836 0.43377827 0.43611724 0.43597487
 0.4804526  0.4753559  0.52044885 0.4804526  0.4753559  0.52044885
 0.42111434 0.42562231 0.4289087  0.42241738 0.4278223  0.43219526
 0.49635279 0.52265133 0.5142482  0.49635279 0.52265133 0.5142482
 0.42814873 0.42161072 0.43027779 0.43009411 0.42795466 0.43878473]
[49 53 63 49 53 63 10 30 19 12 32 20 57 55 65 58 55 65  3 29 26  5 31 28
 43 69 67 43 69 67  6 36 33  8 35 34 39 59 51 39 59 51 14 22 11 17 25 16
 37 61 47 37 61 47  1 21 13  2 24 18 45 71 41 45 71 41  4 23  9  7 27 15]
shww_med
[
    {
        'regressor': [KNeighborsRegressor()],
        'regressor__n_neighbors': [1, 3],
        'pca': [None, PCA(n_components=0.95)],
        'scaler': [None, StandardScaler(), RobustScaler()],
        'regressor__weights': ['uniform', 'distance'],
        'regressor__metric': ['euclidean', 'manhattan', 'chebyshev']
    }
]
[-0.92907782 -0.93223152 -0.94509655 -0.92907782 -0.93223152 -0.94509655
 -0.79325162 -0.80839282 -0.78742111 -0.79511341 -0.81024369 -0.78998236
 -0.94588077 -0.93816725 -0.95549664 -0.94588077 -0.93816725 -0.95549664
 -0.7867223  -0.81552002 -0.80571196 -0.78990562 -0.81663272 -0.80705076
 -0.92992871 -0.96637329 -0.97080785 -0.92992871 -0.96637329 -0.97080785
 -0.79190123 -0.84721771 -0.83258128 -0.79254517 -0.84719442 -0.83304283
 -0.92325435 -0.93353021 -0.92580599 -0.92325435 -0.93353021 -0.92580599
 -0.79448719 -0.79703492 -0.7843278  -0.79743527 -0.80014451 -0.78722921
 -0.91747514 -0.94789494 -0.9210765  -0.91747514 -0.94789494 -0.9210765
 -0.77832881 -0.80185622 -0.78449009 -0.78135475 -0.8039244  -0.78775741
 -0.93305455 -0.96863687 -0.92319315 -0.93305455 -0.96863687 -0.92319315
 -0.78866156 -0.79913077 -0.79297919 -0.79214878 -0.80281439 -0.79641164]
[0.43753435 0.40669271 0.42652895 0.43753435 0.40669271 0.42652895
 0.38165897 0.36210472 0.36543932 0.38256149 0.36371195 0.36713733
 0.43685086 0.42414584 0.45147714 0.43685086 0.42414584 0.45147714
 0.37989297 0.37213441 0.37126521 0.38115116 0.37335365 0.37295046
 0.40276488 0.35332291 0.38578266 0.40276488 0.35332291 0.38578266
 0.37907164 0.36341918 0.37425669 0.379819   0.36303517 0.37484594
 0.40599718 0.41626714 0.42583353 0.40599718 0.41626714 0.42583353
 0.36666507 0.366436   0.36328618 0.36727772 0.36955651 0.3661542
 0.40372271 0.40108091 0.42646062 0.40372271 0.40108091 0.42646062
 0.35434527 0.35951802 0.35616878 0.35550828 0.36122856 0.35859205
 0.4199717  0.44108601 0.4313422  0.4199717  0.44108601 0.4313422
 0.3595178  0.3596408  0.36684566 0.36138288 0.36422848 0.37346424]
[48 51 59 47 51 59 16 29  7 18 30 11 61 57 65 61 57 65  5 31 27 10 32 28
 49 67 71 49 67 71 12 36 33 14 35 34 43 55 45 43 55 45 17 20  3 21 23  6
 37 63 39 37 63 39  1 24  4  2 26  8 53 69 41 54 69 41  9 22 15 13 25 19]
mdts_sin
[
    {
        'regressor': [KNeighborsRegressor()],
        'regressor__n_neighbors': [1, 3],
        'pca': [None, PCA(n_components=0.95)],
        'scaler': [None, StandardScaler(), RobustScaler()],
        'regressor__weights': ['uniform', 'distance'],
        'regressor__metric': ['euclidean', 'manhattan', 'chebyshev']
    }
]
[-0.12073735 -0.110722   -0.10965273 -0.12073735 -0.110722   -0.10965273
 -0.10732896 -0.0983737  -0.10096633 -0.10727546 -0.09831058 -0.10079159
 -0.11550641 -0.11081492 -0.11026987 -0.11550641 -0.11081492 -0.11026987
 -0.10489242 -0.09947265 -0.09981334 -0.1048881  -0.09938033 -0.09972487
 -0.13933329 -0.11698594 -0.1175192  -0.13933329 -0.11698594 -0.1175192
 -0.11933136 -0.10574512 -0.10576972 -0.11917749 -0.10575288 -0.10564136
 -0.13445308 -0.11110337 -0.11208044 -0.13445308 -0.11110337 -0.11208044
 -0.11620714 -0.09861945 -0.10183036 -0.11634838 -0.09871209 -0.10183594
 -0.13087023 -0.10873437 -0.11184366 -0.13087023 -0.10873437 -0.11184366
 -0.11427985 -0.09980189 -0.09948118 -0.11472303 -0.09972481 -0.09949989
 -0.13278232 -0.10892079 -0.11416867 -0.13278232 -0.10892079 -0.11416867
 -0.11609088 -0.09763506 -0.10158568 -0.11610089 -0.09774307 -0.10183434]
[0.04255097 0.03973852 0.03953252 0.04255097 0.03973852 0.03953252
 0.0446408  0.03886736 0.03988567 0.04478347 0.0387519  0.03974913
 0.0462202  0.04113437 0.04078126 0.0462202  0.04113437 0.04078126
 0.04605011 0.04025005 0.03967829 0.0460355  0.04013257 0.03961206
 0.04397542 0.04354518 0.04101667 0.04397542 0.04354518 0.04101667
 0.04645703 0.04291573 0.04239811 0.04639329 0.04299348 0.04237633
 0.04844542 0.03868543 0.04188778 0.04844542 0.03868543 0.04188778
 0.04863414 0.03835462 0.03948033 0.04867277 0.03826657 0.03945524
 0.0464382  0.03988522 0.04107677 0.0464382  0.03988522 0.04107677
 0.04915077 0.04000866 0.04091816 0.04893331 0.03986975 0.0408222
 0.04754013 0.04188047 0.04062766 0.04754013 0.04188047 0.04062766
 0.04858267 0.04078193 0.04021764 0.04873266 0.04061273 0.04008427]
[63 37 33 63 37 33 28  4 16 27  3 15 51 39 35 51 39 35 22  8 14 21  7 12
 71 57 59 71 57 59 62 24 26 61 25 23 69 41 45 69 41 45 55  5 18 56  6 20
 65 29 43 65 29 43 49 13  9 50 11 10 67 31 47 67 31 47 53  1 17 54  2 19]
mdts_cos
[
    {
        'regressor': [KNeighborsRegressor()],
        'regressor__n_neighbors': [1, 3],
        'pca': [None, PCA(n_components=0.95)],
        'scaler': [None, StandardScaler(), RobustScaler()],
        'regressor__weights': ['uniform', 'distance'],
        'regressor__metric': ['euclidean', 'manhattan', 'chebyshev']
    }
]
[-0.14308395 -0.13654124 -0.13615103 -0.14308395 -0.13654124 -0.13615103
 -0.12490103 -0.11752588 -0.12091893 -0.1251193  -0.11771491 -0.12100863
 -0.14208918 -0.1377851  -0.13819578 -0.14208918 -0.1377851  -0.13819578
 -0.12538747 -0.12017135 -0.12126336 -0.12561117 -0.1202926  -0.12135666
 -0.14862713 -0.13761913 -0.13839373 -0.14862713 -0.13761913 -0.13839373
 -0.1268412  -0.12078026 -0.12127546 -0.12696308 -0.12104247 -0.12152326
 -0.15850971 -0.13731515 -0.13999982 -0.15850971 -0.13731515 -0.13999982
 -0.13519892 -0.11850686 -0.12149736 -0.13570128 -0.11898784 -0.12184547
 -0.15469902 -0.13434165 -0.13825611 -0.15469902 -0.13434165 -0.13825611
 -0.13372332 -0.1186367  -0.11969699 -0.13437447 -0.11880443 -0.12000768
 -0.15552217 -0.13832182 -0.13649129 -0.15552217 -0.13832182 -0.13649129
 -0.13239775 -0.11907351 -0.11977519 -0.13277238 -0.11958279 -0.12018347]
[0.03569435 0.03846036 0.04012098 0.03569435 0.03846036 0.04012098
 0.03722055 0.0342949  0.03654634 0.03722899 0.03422862 0.03654647
 0.04074763 0.04117474 0.04185243 0.04074763 0.04117474 0.04185243
 0.03712129 0.03606617 0.03549202 0.03719468 0.03610633 0.03558421
 0.03586966 0.03494479 0.03426513 0.03586966 0.03494479 0.03426513
 0.03878747 0.03647229 0.03605765 0.03869234 0.03648528 0.0359232
 0.04522816 0.03646837 0.04011725 0.04522816 0.03646837 0.04011725
 0.04316824 0.03350155 0.03486056 0.0432482  0.03334733 0.03488248
 0.04202968 0.03727006 0.03877103 0.04202968 0.03727006 0.03877103
 0.04385055 0.03417156 0.03588773 0.04360489 0.03399923 0.03583153
 0.04344079 0.04208167 0.03768479 0.04344079 0.04208167 0.03768479
 0.04174449 0.03583362 0.03466131 0.04189814 0.03565712 0.0346023 ]
[63 43 39 63 44 39 25  1 16 26  2 17 61 49 51 61 49 51 27 12 19 28 14 21
 65 47 57 65 47 57 29 15 20 30 18 23 71 45 59 71 45 59 37  3 22 38  6 24
 67 34 53 67 34 53 33  4  9 36  5 11 69 55 41 69 55 41 31  7 10 32  8 13]
shts_max
[
    {
        'regressor': [KNeighborsRegressor()],
        'regressor__n_neighbors': [1, 3],
        'pca': [None, PCA(n_components=0.95)],
        'scaler': [None, StandardScaler(), RobustScaler()],
        'regressor__weights': ['uniform', 'distance'],
        'regressor__metric': ['euclidean', 'manhattan', 'chebyshev']
    }
]
[-0.84773953 -0.80430059 -0.8132408  -0.84773953 -0.80430059 -0.8132408
 -0.71179201 -0.69466619 -0.70173615 -0.71431158 -0.69493825 -0.70285895
 -0.81952529 -0.81485081 -0.81050557 -0.81952529 -0.81485081 -0.81050557
 -0.67641086 -0.69931327 -0.6930196  -0.6781903  -0.69997955 -0.69439329
 -1.09341026 -0.92759192 -0.92812576 -1.09341026 -0.92759192 -0.92812576
 -0.95858166 -0.80417091 -0.79331093 -0.95892318 -0.80406626 -0.79508398
 -0.80713518 -0.80975653 -0.79570145 -0.80713518 -0.80975653 -0.79570145
 -0.69065326 -0.68669803 -0.69205147 -0.69341561 -0.68898775 -0.6944396
 -0.81536301 -0.82918545 -0.81055736 -0.81536301 -0.82918545 -0.81055736
 -0.69578391 -0.70107345 -0.70500344 -0.69781783 -0.70341151 -0.70720535
 -0.80041274 -0.81010264 -0.80393073 -0.80041274 -0.81010264 -0.80393073
 -0.69736751 -0.68685033 -0.69252677 -0.69905268 -0.68911896 -0.69456731]
[0.26363534 0.23047688 0.24561943 0.26363534 0.23047688 0.24561943
 0.19216863 0.16711501 0.18102881 0.19329594 0.16873305 0.18368808
 0.28416021 0.25291731 0.26112327 0.28416021 0.25291731 0.26112327
 0.1931175  0.18482664 0.19616903 0.19457002 0.18726026 0.19894724
 0.25847883 0.1869745  0.2478369  0.25847883 0.1869745  0.2478369
 0.24788371 0.15550089 0.18301049 0.24726633 0.15599931 0.18408135
 0.25345348 0.23655278 0.23004943 0.25345348 0.23655278 0.23004943
 0.20033747 0.17418671 0.19680817 0.2019393  0.17731509 0.19850708
 0.2420237  0.22300829 0.23183268 0.2420237  0.22300829 0.23183268
 0.1874369  0.16753615 0.18292988 0.18977852 0.17095007 0.18637615
 0.25215513 0.23341666 0.2393162  0.25215513 0.23341666 0.2393162
 0.20037437 0.16931277 0.19997132 0.20334791 0.17215255 0.20208424]
[63 41 53 63 41 53 29 15 24 30 16 25 59 55 49 59 55 49  1 21 10  2 22 12
 71 65 67 71 65 67 69 40 31 70 39 32 43 45 33 43 45 33  7  3  8 11  5 13
 57 61 51 57 61 51 17 23 27 19 26 28 35 47 37 35 47 37 18  4  9 20  6 14]
shts_med
[
    {
        'regressor': [KNeighborsRegressor()],
        'regressor__n_neighbors': [1, 3],
        'pca': [None, PCA(n_components=0.95)],
        'scaler': [None, StandardScaler(), RobustScaler()],
        'regressor__weights': ['uniform', 'distance'],
        'regressor__metric': ['euclidean', 'manhattan', 'chebyshev']
    }
]
[-0.72707803 -0.70114794 -0.70254743 -0.72707803 -0.70114794 -0.70254743
 -0.61855026 -0.60731772 -0.60962068 -0.62007528 -0.60783213 -0.61054642
 -0.70353758 -0.7035349  -0.70247365 -0.70353758 -0.7035349  -0.70247365
 -0.58943927 -0.60581044 -0.60196099 -0.59051398 -0.60683611 -0.60331272
 -0.94278992 -0.7998255  -0.80127083 -0.94278992 -0.7998255  -0.80127083
 -0.83332461 -0.70354027 -0.69228063 -0.83311547 -0.70313872 -0.69304783
 -0.70123796 -0.70789424 -0.69500093 -0.70123796 -0.70789424 -0.69500093
 -0.60208565 -0.60025997 -0.60346793 -0.60381809 -0.6025695  -0.60517468
 -0.70919568 -0.72472329 -0.70957585 -0.70919568 -0.72472329 -0.70957585
 -0.60775039 -0.61293804 -0.6163441  -0.60913709 -0.61510548 -0.61782149
 -0.70222999 -0.70729351 -0.69934715 -0.70222999 -0.70729351 -0.69934715
 -0.60665166 -0.60197438 -0.60575312 -0.60784781 -0.60377017 -0.60698606]
[0.20690387 0.1778173  0.19185479 0.20690387 0.1778173  0.19185479
 0.14427754 0.11786801 0.12653672 0.14582065 0.11960951 0.1292079
 0.22065753 0.20136091 0.20937874 0.22065753 0.20136091 0.20937874
 0.13979037 0.13058158 0.13850077 0.14086363 0.13266483 0.14110236
 0.21326384 0.14391922 0.19955127 0.21326384 0.14391922 0.19955127
 0.20290937 0.1194115  0.14231666 0.20301186 0.12040055 0.1437108
 0.1991087  0.18308823 0.18066963 0.1991087  0.18308823 0.18066963
 0.1534213  0.12082463 0.1407178  0.15474387 0.12401901 0.14250661
 0.19024886 0.17684612 0.18383975 0.19024886 0.17684612 0.18383975
 0.14483809 0.12015598 0.13224858 0.14711028 0.12338277 0.13506462
 0.19837686 0.1828089  0.19187833 0.19837686 0.1828089  0.19187833
 0.14938742 0.11978799 0.15044616 0.15246022 0.12219871 0.15298205]
[63 37 45 63 37 45 29 18 23 30 20 24 50 48 43 50 48 43  1 14  4  2 16  8
 71 65 67 71 65 67 70 52 31 69 47 32 39 55 33 39 55 33  6  3  9 11  7 12
 57 61 59 57 61 59 19 25 27 22 26 28 41 53 35 41 53 35 15  5 13 21 10 17]

*****************************************************************************
*                                                                           *
*                    JOB EFFICIENCY REPORT (seff 13075900)                   *
*                                                                           *
*****************************************************************************

Job ID: 13075900
Cluster: finisterrae3
User/Group: curso342/ulc
State: COMPLETED (exit code 0)
Nodes: 1
Cores per node: 32
CPU Utilized: 2-10:20:41
CPU Efficiency: 98.58% of 2-11:10:56 core-walltime
Job Wall-clock time: 01:50:58
Memory Utilized: 9.19 GB
Memory Efficiency: 57.47% of 16.00 GB

 +++++++++++++++++++++++++++++++++++++++++++++++++++++++++++++++++++++++++++
 ++   Memory Efficiency is too small. Please review the requested memory. ++
 ++ It seems that you do not need that much memory so we recommend        ++
 ++ requesting less memory in other similar jobs.                         ++
 +++++++++++++++++++++++++++++++++++++++++++++++++++++++++++++++++++++++++++
 
*****************************************************************************

