slurmstepd: info: Setting TMPDIR to /scratch/13075901. Previous errors about TMPDIR can be discarded
dwi_sin
[
    {
        'regressor': [KNeighborsRegressor()],
        'regressor__n_neighbors': [5, 7],
        'pca': [None, PCA(n_components=0.95)],
        'scaler': [None, StandardScaler(), RobustScaler()],
        'regressor__weights': ['uniform', 'distance'],
        'regressor__metric': ['euclidean', 'manhattan', 'chebyshev']
    }
]
[-0.52003132 -0.53057411 -0.53863971 -0.51915247 -0.53016073 -0.53827224
 -0.50771038 -0.51634944 -0.52218339 -0.5065642  -0.51587618 -0.52175179
 -0.52262063 -0.53718504 -0.54138424 -0.52204399 -0.53701255 -0.54078697
 -0.50940231 -0.51902711 -0.52258903 -0.50869125 -0.51895147 -0.52244234
 -0.56826027 -0.54837873 -0.56396015 -0.5661713  -0.54688927 -0.5623264
 -0.5581964  -0.53675346 -0.55320591 -0.55582273 -0.53490823 -0.55101641
 -0.51974047 -0.52697505 -0.54439241 -0.51963461 -0.52671903 -0.5440346
 -0.50803506 -0.51362362 -0.52580102 -0.50715055 -0.51303102 -0.52565253
 -0.52396306 -0.52350472 -0.53271784 -0.52300421 -0.52341139 -0.53272246
 -0.50941125 -0.51114545 -0.51606626 -0.50832969 -0.51078273 -0.51591388
 -0.5174859  -0.53312901 -0.55219851 -0.51700576 -0.53256994 -0.55166357
 -0.50348336 -0.51532573 -0.53361524 -0.50269525 -0.5149902  -0.53295213]
[0.04893112 0.05697837 0.05620727 0.0485306  0.05695515 0.05605437
 0.04831531 0.05816036 0.0586225  0.04816919 0.05806701 0.0584038
 0.04742529 0.05996912 0.0582809  0.04708315 0.05988262 0.05838718
 0.0495014  0.06121025 0.05883026 0.04891717 0.06108332 0.05905975
 0.04502831 0.05922578 0.0712192  0.04460937 0.05888607 0.07114516
 0.04375111 0.05892705 0.06988517 0.04376773 0.05885994 0.06997607
 0.05293378 0.06007561 0.06179252 0.05272119 0.05938912 0.06121005
 0.05194066 0.0592347  0.06246455 0.05210968 0.05899447 0.06211211
 0.05274216 0.05950283 0.05958206 0.05222862 0.05925875 0.05878438
 0.05324215 0.05833983 0.06210246 0.05293453 0.05832182 0.06148718
 0.04967587 0.05754211 0.06631177 0.04898274 0.05645129 0.06562199
 0.04890913 0.06010042 0.06602296 0.04875285 0.05919003 0.06559867]
[28 44 56 25 43 55  5 20 31  3 17 29 34 54 58 30 53 57  9 24 33  8 23 32
 72 62 70 71 61 69 68 52 66 67 51 63 27 42 60 26 41 59  6 14 40  4 13 39
 38 37 46 35 36 47 10 12 19  7 11 18 22 49 65 21 45 64  2 16 50  1 15 48]
dwi_cos
[
    {
        'regressor': [KNeighborsRegressor()],
        'regressor__n_neighbors': [5, 7],
        'pca': [None, PCA(n_components=0.95)],
        'scaler': [None, StandardScaler(), RobustScaler()],
        'regressor__weights': ['uniform', 'distance'],
        'regressor__metric': ['euclidean', 'manhattan', 'chebyshev']
    }
]
[-0.4677823  -0.47140892 -0.47691623 -0.46762175 -0.47118135 -0.47678975
 -0.45667579 -0.4611026  -0.46451973 -0.45602523 -0.46052461 -0.46403593
 -0.46541166 -0.47598327 -0.47542077 -0.46560236 -0.47603251 -0.47550155
 -0.45510231 -0.463197   -0.46579099 -0.45478626 -0.46319334 -0.46564993
 -0.53034097 -0.48754878 -0.48361823 -0.52908282 -0.48695274 -0.48328516
 -0.51979007 -0.47265586 -0.47232477 -0.51796145 -0.47204506 -0.47158271
 -0.47560641 -0.47280283 -0.47668336 -0.47549954 -0.47280274 -0.47741067
 -0.46078305 -0.4596167  -0.46336404 -0.46025251 -0.45919999 -0.46384342
 -0.47862859 -0.47656437 -0.47649362 -0.47769001 -0.47636854 -0.47720767
 -0.46438573 -0.46333629 -0.46611066 -0.46324694 -0.46291532 -0.46618736
 -0.47730738 -0.47338211 -0.47368411 -0.47732181 -0.47383892 -0.47423367
 -0.46401873 -0.45934134 -0.4606618  -0.46339008 -0.45929326 -0.46105605]
[0.03886489 0.03579473 0.03816792 0.03932913 0.03657191 0.03885982
 0.03916022 0.03546538 0.03855572 0.03993145 0.03630093 0.03931709
 0.03910625 0.03542265 0.03950022 0.0393469  0.03646147 0.04027339
 0.03786015 0.03778576 0.04037851 0.03825072 0.03853931 0.04111815
 0.06704738 0.03675411 0.03245552 0.06695804 0.03770888 0.03285013
 0.07063779 0.03643405 0.03472846 0.07096848 0.03729332 0.03507979
 0.04206633 0.03338245 0.03567424 0.04167581 0.03430014 0.03695825
 0.0390206  0.03597795 0.0360594  0.03921896 0.03666797 0.03717694
 0.03951636 0.03477948 0.03413969 0.03981294 0.0357345  0.03509925
 0.04065177 0.0351467  0.03315814 0.0409961  0.03594746 0.0338967
 0.03711744 0.0335863  0.03822361 0.03656793 0.03448155 0.03987723
 0.04092138 0.03579672 0.03609536 0.03998114 0.03662152 0.03783472]
[34 36 58 33 35 57  4 14 26  3 10 24 27 51 47 28 52 49  2 17 30  1 16 29
 72 68 66 71 67 65 70 40 39 69 38 37 50 42 56 48 41 62 12  8 20  9  5 22
 64 55 54 63 53 59 25 19 31 18 15 32 60 43 44 61 45 46 23  7 11 21  6 13]
wind_max
[
    {
        'regressor': [KNeighborsRegressor()],
        'regressor__n_neighbors': [5, 7],
        'pca': [None, PCA(n_components=0.95)],
        'scaler': [None, StandardScaler(), RobustScaler()],
        'regressor__weights': ['uniform', 'distance'],
        'regressor__metric': ['euclidean', 'manhattan', 'chebyshev']
    }
]
[-2.56605582 -2.77200414 -2.72279687 -2.56022535 -2.76588618 -2.7181894
 -2.51406714 -2.7068312  -2.66913639 -2.50645833 -2.69936297 -2.66207499
 -2.58494558 -2.78412032 -2.73859692 -2.57987163 -2.77960976 -2.73463402
 -2.53106446 -2.70947884 -2.678605   -2.52286546 -2.70361244 -2.67222348
 -2.61293167 -2.81594137 -2.76022141 -2.60526262 -2.80573379 -2.75437263
 -2.55242113 -2.76173177 -2.69147632 -2.54209975 -2.75043034 -2.68310443
 -2.62165033 -2.75620273 -2.74737542 -2.62154402 -2.7554863  -2.74629935
 -2.53241217 -2.70222551 -2.66944173 -2.53048572 -2.6979124  -2.66894002
 -2.61426949 -2.73397913 -2.69665829 -2.6121176  -2.73268819 -2.69485593
 -2.55511791 -2.67118331 -2.63218031 -2.54793805 -2.66647721 -2.62825362
 -2.57944949 -2.81367161 -2.79035455 -2.58055945 -2.81055247 -2.79192351
 -2.50713346 -2.72782532 -2.70880512 -2.50635143 -2.72560278 -2.71129266]
[0.40275404 0.32973653 0.30802715 0.39907718 0.33042411 0.3085865
 0.39700159 0.32190391 0.32054239 0.39516687 0.32199414 0.31983872
 0.37648767 0.34401532 0.34245398 0.37396391 0.34248073 0.34102376
 0.38823185 0.35657414 0.34111525 0.38417638 0.35361968 0.33876862
 0.47986544 0.40316694 0.37523174 0.47659124 0.40546414 0.37878455
 0.469029   0.3884225  0.3654473  0.46617676 0.39062618 0.3670354
 0.406862   0.31254065 0.30095971 0.40614019 0.31412049 0.30151113
 0.39772631 0.3265492  0.29671766 0.39735529 0.32480549 0.29820362
 0.4004984  0.31918899 0.28232726 0.39955928 0.32145465 0.28868141
 0.40243531 0.33575792 0.29464125 0.40037054 0.33553905 0.29627201
 0.38366325 0.30292164 0.31921175 0.38228313 0.30224146 0.32117631
 0.3943174  0.32742104 0.3256414  0.39157219 0.32247604 0.32657909]
[14 64 48 13 63 47  4 43 30  2 40 27 18 66 54 16 65 53  7 45 34  5 42 33
 21 72 61 19 69 58 11 62 36  9 57 35 24 60 56 23 59 55  8 41 31  6 39 29
 22 52 38 20 51 37 12 32 26 10 28 25 15 71 67 17 70 68  3 50 44  1 49 46]
wind_med
[
    {
        'regressor': [KNeighborsRegressor()],
        'regressor__n_neighbors': [5, 7],
        'pca': [None, PCA(n_components=0.95)],
        'scaler': [None, StandardScaler(), RobustScaler()],
        'regressor__weights': ['uniform', 'distance'],
        'regressor__metric': ['euclidean', 'manhattan', 'chebyshev']
    }
]
[-2.21456654 -2.37646594 -2.33555457 -2.20931818 -2.36926389 -2.32919028
 -2.16353496 -2.31930576 -2.28899649 -2.15651809 -2.31157109 -2.28107038
 -2.2385727  -2.40431133 -2.35754379 -2.23247449 -2.39891296 -2.35340447
 -2.18609646 -2.32503008 -2.29426835 -2.17756794 -2.3198349  -2.28875981
 -2.25167255 -2.41344082 -2.35191586 -2.24520483 -2.40479679 -2.3460578
 -2.19799935 -2.36579893 -2.29741174 -2.18911855 -2.35559531 -2.28960152
 -2.24980736 -2.36285962 -2.3682581  -2.24740633 -2.35837545 -2.36374246
 -2.18797071 -2.30974211 -2.29778453 -2.18264111 -2.30374729 -2.29380574
 -2.25209355 -2.3581974  -2.33869353 -2.24703411 -2.3517319  -2.33202322
 -2.2094025  -2.30117656 -2.27097771 -2.20033142 -2.29356087 -2.26366073
 -2.21059649 -2.40045498 -2.39851421 -2.20932928 -2.39812896 -2.39747277
 -2.16332597 -2.32796892 -2.33123482 -2.15902389 -2.32602031 -2.33057825]
[0.4272743  0.37402956 0.34898236 0.42703271 0.37438999 0.34855996
 0.42192356 0.36769057 0.3620265  0.42288384 0.36814861 0.36138692
 0.43239775 0.39048256 0.38400083 0.43131535 0.39082371 0.38410696
 0.42892054 0.39686508 0.38456327 0.42745224 0.39614518 0.38377783
 0.47779062 0.40444645 0.39401412 0.4747473  0.40823542 0.39834196
 0.47676612 0.39446723 0.39591492 0.473684   0.39777479 0.39707774
 0.43312617 0.36269589 0.33940762 0.43262687 0.36321086 0.33873132
 0.42694587 0.3733163  0.34294864 0.42696003 0.3726605  0.34260217
 0.40909154 0.38056597 0.33840963 0.40909548 0.38115675 0.34061296
 0.41631925 0.38950767 0.34807242 0.41482739 0.38961235 0.34831033
 0.41881788 0.34182029 0.35275136 0.41955745 0.33942444 0.35090475
 0.42591391 0.35966687 0.3600934  0.42520226 0.35510344 0.35780936]
[16 64 49 12 63 45  4 40 29  1 39 27 18 70 56 17 68 54  7 42 33  5 41 28
 23 72 53 19 71 51 10 61 34  9 55 30 22 59 62 21 58 60  8 38 35  6 37 32
 24 57 50 20 52 48 14 36 26 11 31 25 15 69 67 13 66 65  3 44 47  2 43 46]
shww_max
[
    {
        'regressor': [KNeighborsRegressor()],
        'regressor__n_neighbors': [5, 7],
        'pca': [None, PCA(n_components=0.95)],
        'scaler': [None, StandardScaler(), RobustScaler()],
        'regressor__weights': ['uniform', 'distance'],
        'regressor__metric': ['euclidean', 'manhattan', 'chebyshev']
    }
]
[-0.99811898 -1.02619204 -1.0057113  -0.99969657 -1.02749307 -1.00724221
 -0.97480599 -0.99818825 -0.98658443 -0.97576573 -0.99921359 -0.98698565
 -1.00601874 -1.03504863 -1.00975237 -1.00786217 -1.03642589 -1.01173509
 -0.98105076 -1.00876789 -0.98585485 -0.9821456  -1.00987185 -0.98739514
 -0.99977571 -1.08242956 -1.04588345 -1.00032148 -1.08133896 -1.04598109
 -0.98247518 -1.06375809 -1.00492269 -0.98232166 -1.0617046  -1.0059263
 -1.0015012  -1.02271557 -1.0077911  -1.00368186 -1.02477885 -1.00988506
 -0.98104321 -1.00307604 -0.98826233 -0.98191876 -1.0036748  -0.98928967
 -0.99640031 -1.03331373 -1.00899349 -0.99828214 -1.03330408 -1.01129039
 -0.97327445 -1.00827299 -0.98162814 -0.97366963 -1.00772326 -0.98351311
 -0.9995205  -1.01905837 -1.01712665 -1.00239368 -1.02270601 -1.01835821
 -0.9781667  -0.99515337 -0.98786347 -0.97966667 -0.99833272 -0.98988149]
[0.44464102 0.42634311 0.42935108 0.44551265 0.42728032 0.43035781
 0.43589483 0.42363086 0.42317364 0.43655647 0.42392234 0.42384807
 0.44039729 0.42480774 0.41989833 0.44193033 0.42633652 0.42172163
 0.42855887 0.42266333 0.41512806 0.43021313 0.42385849 0.41683207
 0.45128946 0.44016863 0.42432188 0.45237296 0.43978178 0.4253922
 0.44438756 0.44698721 0.41635877 0.44572732 0.44549049 0.4176561
 0.42820896 0.43090188 0.43010286 0.42817036 0.43195003 0.43175881
 0.42633032 0.42857543 0.42516145 0.42591657 0.42885989 0.42651234
 0.42167906 0.43467796 0.41850757 0.42185278 0.43361886 0.41995408
 0.41523415 0.42932826 0.41823703 0.41545148 0.42831552 0.41882093
 0.42761052 0.41347715 0.43040971 0.42815808 0.41763939 0.43455075
 0.42373812 0.4137644  0.43288335 0.42391374 0.41660649 0.43583982]
[25 61 40 31 62 43  3 26 16  4 29 17 42 65 50 46 66 54  8 48 15 11 51 18
 32 72 67 33 71 68 13 70 39 12 69 41 34 59 45 38 60 52  7 36 20 10 37 21
 24 64 49 27 63 53  1 47  9  2 44 14 30 57 55 35 58 56  5 23 19  6 28 22]
shww_med
[
    {
        'regressor': [KNeighborsRegressor()],
        'regressor__n_neighbors': [5, 7],
        'pca': [None, PCA(n_components=0.95)],
        'scaler': [None, StandardScaler(), RobustScaler()],
        'regressor__weights': ['uniform', 'distance'],
        'regressor__metric': ['euclidean', 'manhattan', 'chebyshev']
    }
]
[-0.75213806 -0.77103108 -0.75376916 -0.75411972 -0.77251195 -0.75530585
 -0.73673381 -0.75143285 -0.74248027 -0.7379352  -0.75262919 -0.74309699
 -0.75988751 -0.78000903 -0.76000554 -0.76168779 -0.78106332 -0.76137761
 -0.73874427 -0.76088062 -0.74346809 -0.74028365 -0.76191629 -0.74488179
 -0.76265337 -0.82152425 -0.79342886 -0.76277764 -0.82044612 -0.79351645
 -0.75027319 -0.80902315 -0.7617251  -0.75020181 -0.80726979 -0.76276363
 -0.7548431  -0.76586969 -0.75787797 -0.75720441 -0.76771148 -0.75923527
 -0.73845748 -0.75315335 -0.74527205 -0.74000436 -0.75364248 -0.7460309
 -0.74978036 -0.77245733 -0.75569141 -0.75181059 -0.77264001 -0.75723626
 -0.7330174  -0.75545056 -0.73691345 -0.73387315 -0.75517448 -0.73846147
 -0.75715461 -0.76718757 -0.7688007  -0.75924957 -0.76969304 -0.76996402
 -0.74080195 -0.74939404 -0.74862196 -0.74251703 -0.75162809 -0.75019983]
[0.37312573 0.35869412 0.36205265 0.37414242 0.3591486  0.36250612
 0.36337523 0.35792227 0.35581457 0.36420103 0.35793963 0.35629099
 0.37420183 0.36336557 0.35846054 0.37573355 0.36405478 0.35957254
 0.3606566  0.35591225 0.35248101 0.36251109 0.3569955  0.35390053
 0.37770594 0.36558106 0.35872246 0.37834729 0.36460677 0.35893812
 0.36913546 0.3719497  0.35110631 0.37022657 0.3702528  0.35169812
 0.36016014 0.3640748  0.36107841 0.36020199 0.36500809 0.36229274
 0.35681117 0.36070651 0.35740651 0.35661542 0.36091155 0.35846164
 0.35453363 0.36506763 0.34923184 0.35479498 0.36409241 0.35035945
 0.34901548 0.35880958 0.34842573 0.34910147 0.35801463 0.3491606
 0.35737107 0.35307541 0.36362275 0.35778604 0.35612547 0.36700169
 0.35213423 0.34899058 0.36630397 0.35259087 0.35152721 0.36859536]
[28 61 32 33 63 36  3 25 12  5 29 14 45 65 46 49 66 48  8 47 15 10 51 16
 52 72 67 54 71 68 24 70 50 23 69 53 34 55 42 40 57 43  6 30 17  9 31 18
 21 62 38 27 64 41  1 37  4  2 35  7 39 56 58 44 59 60 11 20 19 13 26 22]
mdts_sin
[
    {
        'regressor': [KNeighborsRegressor()],
        'regressor__n_neighbors': [5, 7],
        'pca': [None, PCA(n_components=0.95)],
        'scaler': [None, StandardScaler(), RobustScaler()],
        'regressor__weights': ['uniform', 'distance'],
        'regressor__metric': ['euclidean', 'manhattan', 'chebyshev']
    }
]
[-0.10269253 -0.09510428 -0.09653341 -0.10266081 -0.09488493 -0.09627195
 -0.09876648 -0.09313317 -0.094299   -0.09883545 -0.0928143  -0.09396332
 -0.0998304  -0.09601007 -0.09663615 -0.09979163 -0.09569138 -0.09636169
 -0.0975427  -0.09352615 -0.09438004 -0.09750521 -0.09322581 -0.09409484
 -0.11305432 -0.10099308 -0.10021908 -0.11261323 -0.10093502 -0.10007531
 -0.10871098 -0.09753165 -0.09702116 -0.10843247 -0.0975324  -0.09687463
 -0.10824936 -0.09443619 -0.09730985 -0.10839198 -0.09433571 -0.09708714
 -0.10371852 -0.09209069 -0.09408213 -0.10398588 -0.09191476 -0.09392697
 -0.10796493 -0.09485465 -0.09502905 -0.10822753 -0.09483953 -0.09479737
 -0.1037769  -0.09209674 -0.09228324 -0.10411488 -0.09207628 -0.09208136
 -0.10747806 -0.09420553 -0.09760738 -0.1076088  -0.09398236 -0.09758395
 -0.10414531 -0.09185919 -0.09495351 -0.10418589 -0.09170123 -0.09483131]
[0.04583436 0.04030543 0.0411931  0.04584697 0.04016044 0.04105857
 0.0473458  0.04174671 0.04190353 0.04727738 0.04153843 0.04179062
 0.04709755 0.04121956 0.04198759 0.04705058 0.04111975 0.04184298
 0.04738112 0.04166889 0.0424579  0.04732828 0.04159577 0.04235761
 0.04715051 0.04449652 0.04358535 0.04715087 0.0445504  0.0435091
 0.04834218 0.04589065 0.04436905 0.04836847 0.04587082 0.04431168
 0.05064069 0.03932161 0.0401263  0.05050895 0.03916336 0.0401636
 0.05111202 0.0408922  0.0411848  0.05103573 0.04067088 0.04111117
 0.05004652 0.04102938 0.04181785 0.04981257 0.04080842 0.04179326
 0.05068431 0.04260963 0.04313994 0.05045734 0.0423275  0.04297927
 0.05027731 0.04117843 0.04167197 0.05031904 0.0410494  0.04137968
 0.05086651 0.04203025 0.04202067 0.05095134 0.04185504 0.0419074 ]
[56 30 35 55 27 33 47 10 19 48  9 14 50 32 36 49 31 34 44 12 21 41 11 17
 72 54 52 71 53 51 70 42 38 69 43 37 67 22 40 68 20 39 57  6 16 59  3 13
 65 26 29 66 25 23 58  7  8 60  4  5 63 18 46 64 15 45 61  2 28 62  1 24]
mdts_cos
[
    {
        'regressor': [KNeighborsRegressor()],
        'regressor__n_neighbors': [5, 7],
        'pca': [None, PCA(n_components=0.95)],
        'scaler': [None, StandardScaler(), RobustScaler()],
        'regressor__weights': ['uniform', 'distance'],
        'regressor__metric': ['euclidean', 'manhattan', 'chebyshev']
    }
]
[-0.11774574 -0.11172649 -0.11409006 -0.11789424 -0.11170561 -0.11403302
 -0.11310962 -0.10892498 -0.1094101  -0.1133035  -0.10879872 -0.10940134
 -0.1170052  -0.11500861 -0.11603044 -0.11725111 -0.11486049 -0.11594811
 -0.11227597 -0.1104082  -0.11196052 -0.11254575 -0.11040355 -0.11199353
 -0.12069254 -0.11425336 -0.1132158  -0.12049835 -0.11440841 -0.11342093
 -0.11662451 -0.10992494 -0.10926664 -0.11649713 -0.11008823 -0.10937053
 -0.12568091 -0.11228229 -0.11380239 -0.12613248 -0.11250657 -0.1139796
 -0.11993484 -0.10806979 -0.10963042 -0.12050429 -0.10829851 -0.10987211
 -0.12474293 -0.11079888 -0.11257057 -0.1252522  -0.11102583 -0.11266334
 -0.11942844 -0.10631318 -0.10832268 -0.12000604 -0.10663011 -0.10850024
 -0.12428463 -0.11305144 -0.11257128 -0.12445502 -0.11312987 -0.11286927
 -0.11931956 -0.10901228 -0.10814016 -0.1196235  -0.10919386 -0.10838895]
[0.03814492 0.03507852 0.03741321 0.03810155 0.03503109 0.03724724
 0.03964204 0.0365768  0.03729787 0.03955307 0.03644871 0.03719618
 0.0380844  0.03727354 0.03806259 0.03802632 0.03720748 0.0378907
 0.03856207 0.03721601 0.03796108 0.03842262 0.0371267  0.03786538
 0.04095259 0.03875355 0.03856663 0.0409125  0.03869807 0.038356
 0.0423608  0.03990318 0.04018298 0.04232647 0.03982194 0.0400389
 0.04317311 0.0342976  0.03524194 0.04331784 0.0341207  0.03517692
 0.04334057 0.03566029 0.03653996 0.04350888 0.03539349 0.03628282
 0.04346302 0.03565911 0.03697281 0.0434804  0.03547034 0.03687408
 0.04346849 0.03710408 0.03823318 0.04356653 0.03687695 0.03796107
 0.04242582 0.03750942 0.03489814 0.04262407 0.03716756 0.03469573
 0.04336525 0.03849912 0.03605691 0.04353921 0.03810836 0.03580192]
[57 26 46 58 25 45 38 10 16 41  9 15 55 50 52 56 49 51 29 22 27 32 21 28
 66 47 40 64 48 42 54 19 13 53 20 14 71 30 43 72 31 44 62  3 17 65  5 18
 69 23 33 70 24 35 60  1  6 63  2  8 67 37 34 68 39 36 59 11  4 61 12  7]
shts_max
[
    {
        'regressor': [KNeighborsRegressor()],
        'regressor__n_neighbors': [5, 7],
        'pca': [None, PCA(n_components=0.95)],
        'scaler': [None, StandardScaler(), RobustScaler()],
        'regressor__weights': ['uniform', 'distance'],
        'regressor__metric': ['euclidean', 'manhattan', 'chebyshev']
    }
]
[-0.675899   -0.67424257 -0.66551272 -0.67793151 -0.67369468 -0.66673349
 -0.65875413 -0.65612561 -0.6464479  -0.65962427 -0.65591831 -0.64773596
 -0.64916257 -0.66659062 -0.66081645 -0.64981522 -0.66625872 -0.66130816
 -0.63677663 -0.65118693 -0.64554159 -0.63698672 -0.65078107 -0.64592536
 -0.91721387 -0.77490835 -0.74957977 -0.91670825 -0.77325442 -0.75041263
 -0.89493135 -0.76376363 -0.73110286 -0.89382284 -0.76114107 -0.73098157
 -0.65620333 -0.66039382 -0.66278268 -0.65701845 -0.66086678 -0.66363301
 -0.64067655 -0.64491595 -0.64301283 -0.64072078 -0.64511008 -0.64434235
 -0.66402223 -0.67180281 -0.67576759 -0.664261   -0.67208509 -0.67621801
 -0.65158982 -0.65478833 -0.65248419 -0.65136724 -0.65474723 -0.65404978
 -0.6589478  -0.66138757 -0.65703238 -0.6593139  -0.6611908  -0.65875163
 -0.6438696  -0.64309529 -0.63769    -0.64374395 -0.64335703 -0.63929767]
[0.18327199 0.16023339 0.17074678 0.18390415 0.1603382  0.17216978
 0.18033137 0.15165926 0.15930262 0.18006464 0.15181953 0.16042938
 0.17865038 0.16986368 0.16420581 0.17983684 0.17161097 0.1669199
 0.1739677  0.15834092 0.15858158 0.17417804 0.1595314  0.16006114
 0.25274202 0.14282406 0.16187646 0.25185458 0.14280256 0.16314976
 0.25326791 0.14140927 0.15594721 0.25231858 0.14059746 0.15722225
 0.18382749 0.16162895 0.18802815 0.18530839 0.16306454 0.18876451
 0.17465958 0.15427919 0.17402889 0.17544128 0.15514036 0.17582829
 0.18011361 0.15511894 0.17182287 0.18067443 0.15678327 0.17423412
 0.17959346 0.14910228 0.16055015 0.17957485 0.1499035  0.16278086
 0.18286609 0.1646253  0.18673433 0.18516283 0.1662046  0.18734121
 0.17790735 0.15882297 0.17876659 0.17936697 0.15996829 0.17929634]
[58 56 49 60 55 52 35 30 17 38 29 18 19 51 40 20 50 43  1 22 15  2 21 16
 72 68 63 71 67 64 70 66 62 69 65 61 31 39 45 32 41 46  5 13  7  6 14 12
 47 53 57 48 54 59 24 28 25 23 27 26 36 44 33 37 42 34 11  8  3 10  9  4]
shts_med
[
    {
        'regressor': [KNeighborsRegressor()],
        'regressor__n_neighbors': [5, 7],
        'pca': [None, PCA(n_components=0.95)],
        'scaler': [None, StandardScaler(), RobustScaler()],
        'regressor__weights': ['uniform', 'distance'],
        'regressor__metric': ['euclidean', 'manhattan', 'chebyshev']
    }
]
[-0.59190631 -0.58774232 -0.58201665 -0.59248721 -0.58718792 -0.58251398
 -0.57515489 -0.57303367 -0.56490293 -0.5751355  -0.57238777 -0.56539694
 -0.56779526 -0.57789805 -0.57353724 -0.56752728 -0.57774236 -0.57381777
 -0.55687772 -0.56622485 -0.5607428  -0.55602262 -0.56541728 -0.5607139
 -0.79782044 -0.67575422 -0.65236003 -0.79676242 -0.67420991 -0.65252296
 -0.77757801 -0.6645188  -0.63626554 -0.776121   -0.66211924 -0.63567445
 -0.57245026 -0.57701698 -0.57919846 -0.57247288 -0.57744242 -0.57934091
 -0.55667823 -0.56394353 -0.56230293 -0.55599772 -0.56369411 -0.56269635
 -0.57853707 -0.58678723 -0.58762258 -0.57803183 -0.58690255 -0.58778789
 -0.56526131 -0.57238061 -0.56858638 -0.56441149 -0.57216582 -0.56912272
 -0.5732326  -0.57965288 -0.57663842 -0.57285847 -0.57896093 -0.57700417
 -0.55959674 -0.56379261 -0.55990702 -0.55868847 -0.56337129 -0.56046796]
[0.13577794 0.11090117 0.11852038 0.13695108 0.11118386 0.12019225
 0.13364139 0.10448047 0.10989571 0.13404383 0.10462496 0.11126646
 0.1275354  0.11790484 0.11393346 0.12859529 0.11892514 0.11588026
 0.12364979 0.10926831 0.11018634 0.12417632 0.11003828 0.11138127
 0.20777366 0.10482211 0.12336089 0.20738897 0.10551608 0.12479197
 0.20685978 0.1020866  0.11763872 0.20647096 0.10177767 0.11890018
 0.13576926 0.10997151 0.13611793 0.13750918 0.11112829 0.13683856
 0.12746133 0.10437149 0.12412075 0.12847859 0.10523905 0.12585227
 0.1367417  0.11082555 0.12392977 0.13741687 0.11223683 0.12579495
 0.13381413 0.10450912 0.11427004 0.13424964 0.10539721 0.11614124
 0.1324954  0.11655429 0.13603914 0.13515101 0.11725744 0.13774085
 0.13048889 0.11182198 0.12925521 0.13203468 0.11232789 0.13108492]
[59 57 51 60 55 52 38 33 18 37 29 20 24 44 35 23 43 36  4 22 10  2 21  9
 72 68 63 71 67 64 70 66 62 69 65 61 30 41 48 31 42 49  3 16 11  1 14 12
 46 53 56 45 54 58 19 28 25 17 27 26 34 50 39 32 47 40  6 15  7  5 13  8]

*****************************************************************************
*                                                                           *
*                    JOB EFFICIENCY REPORT (seff 13075901)                   *
*                                                                           *
*****************************************************************************

Job ID: 13075901
Cluster: finisterrae3
User/Group: curso342/ulc
State: COMPLETED (exit code 0)
Nodes: 1
Cores per node: 32
CPU Utilized: 2-07:56:41
CPU Efficiency: 99.21% of 2-08:23:28 core-walltime
Job Wall-clock time: 01:45:44
Memory Utilized: 9.02 GB
Memory Efficiency: 56.39% of 16.00 GB

 +++++++++++++++++++++++++++++++++++++++++++++++++++++++++++++++++++++++++++
 ++   Memory Efficiency is too small. Please review the requested memory. ++
 ++ It seems that you do not need that much memory so we recommend        ++
 ++ requesting less memory in other similar jobs.                         ++
 +++++++++++++++++++++++++++++++++++++++++++++++++++++++++++++++++++++++++++
 
*****************************************************************************

